人人	63	7,15,41
一口	62	7,17,38
口口	51	13,18,20
十口	43	9,8,26
日十	38	1,3,34
亠口	37	21,16,0
土土	36	6,14,16
习习	35	9,5,21
口儿	34	1,3,30
日一	33	6,11,16
立日	32	10,19,3
大丶	30	2,3,25
艹日	30	15,15,0
匕匕	28	4,6,18
甲二	28	3,0,25
勹彡	28	4,3,21
丁口	27	3,0,24
木木	27	11,10,6
口䒑	26	0,4,22
士口	26	11,7,8
冂口	25	0,2,23
冂厶	25	0,1,24
廿八	25	3,3,19
一夕	24	18,5,1
夂口	24	1,2,21
八乂	24	7,4,13
人一	23	14,8,1
一大	23	4,4,15
亠八	23	6,14,3
口一	22	7,10,5
卜口	22	4,1,17
一十	22	2,1,19
日勹	22	6,16,0
牛山	22	7,1,14
冂土	21	4,8,9
冂艹	21	2,0,19
一止	20	3,4,13
亠冖	20	0,20,0
土厶	19	5,7,7
二厶	19	4,0,15
因口	18	3,5,10
小丿	18	4,3,11
八刀	18	6,1,11
冂一	18	4,9,5
大日	18	2,15,1
人之	18	5,1,12
冂大	18	3,3,12
日大	18	0,9,9
小月	18	2,0,16
月刂	17	0,3,14
勹巳	17	2,1,14
口田	17	2,1,14
口木	17	5,1,11
八夂	17	0,0,17
日木	17	4,3,10
木人	17	13,4,0
亠𧘇	17	2,2,13
亠乡	17	6,11,0
火火	17	9,2,6
丿士	16	1,2,13
日乚	16	2,3,11
土口	16	2,7,7
彐二	16	5,1,10
⺈彐	16	5,2,9
日日	16	3,2,11
冂人	16	2,2,12
八口	16	1,10,5
丶艮	16	3,6,7
又又	16	3,7,6
口小	15	4,1,10
勹口	15	3,4,8
丰月	15	4,1,10
川八	15	0,5,10
由八	15	0,0,15
人口	15	0,2,13
艹一	15	8,7,0
厶口	15	2,1,12
艹冖	15	10,5,0
土半	15	5,0,10
户口	15	3,2,10
⺮皿	15	0,0,15
十且	14	4,5,5
口日	14	3,10,1
人乚	14	0,0,14
丿大	14	3,7,4
氵亠	14	13,1,0
㇆丿	14	3,1,10
又用	14	3,3,8
口月	14	1,1,12
鬼十	14	1,1,12
夕㐄	14	2,2,10
刂八	14	0,5,9
㇕止	14	4,1,9
冖巾	14	0,0,14
小口	14	0,14,0
數女	14	2,2,10
广木	13	10,3,0
凵山	13	2,0,11
口冂	13	3,7,3
矢卜	13	2,1,10
矢母	13	4,0,9
四日	13	0,1,12
木口	13	6,4,3
廿日	13	2,1,10
艹氵	13	13,0,0
韋口	13	3,9,1
日小	13	1,1,11
方矢	13	8,5,0
一了	13	1,1,11
又丶	13	2,2,9
艹勹	13	13,0,0
口十	13	10,3,0
尸口	13	7,6,0
口辛	13	0,5,8
扌人	13	13,0,0
木四	13	2,0,11
絲絲	13	3,10,0
匚口	13	6,7,0
虎田	13	5,8,0
勹丶	12	1,2,9
手戈	12	2,0,10
土寸	12	1,1,10
一冂	12	5,5,2
二儿	12	2,2,8
亠冂	12	0,12,0
大口	12	2,2,8
廴丿	12	2,10,0
氏丶	12	5,1,6
四二	12	10,2,0
氵一	12	11,1,0
木日	12	7,2,3
乂乂	12	2,3,7
刀口	12	2,2,8
戊一	12	4,8,0
氵日	12	12,0,0
亠厶	12	4,8,0
氵宀	12	12,0,0
人月	12	0,10,2
十又	12	2,0,10
乡人	12	0,2,10
人彡	12	0,1,11
又㇕	12	8,4,0
⺈八	12	0,12,0
人二	12	3,9,0
刂⺮	12	4,8,0
耳又	11	5,3,3
且八	11	1,2,8
扌亠	11	11,0,0
亻匕	11	6,3,2
艹二	11	1,2,8
斤又	11	1,1,9
宀一	11	5,5,1
立口	11	4,0,7
广廿	11	5,6,0
人禾	11	4,2,5
西示	11	4,0,7
小冖	11	11,0,0
㇕口	11	0,2,9
广彐	11	4,7,0
大又	11	1,3,7
亻人	11	9,2,0
丿冂	11	0,9,2
口𧘇	11	0,2,9
幺幺	11	3,4,4
土八	11	2,9,0
七凵	11	2,1,8
丷口	11	2,9,0
口貝	11	3,1,7
長彡	11	11,0,0
小貝	11	0,1,10
四貝	11	1,0,10
言絲	11	9,2,0
臣⺮	11	3,8,0
人户	11	2,9,0
土尤	11	0,0,11
大月	10	2,1,7
一寸	10	2,0,8
力口	10	5,0,5
⺈口	10	4,6,0
口八	10	3,0,7
牛口	10	3,0,7
止匕	10	6,0,4
日人	10	0,10,0
一艹	10	5,2,3
艹大	10	7,3,0
日二	10	1,2,7
匕日	10	1,1,8
亠幺	10	4,1,5
冫十	10	1,1,8
釆田	10	3,0,7
牛小	10	1,0,9
丶㇕	10	0,3,7
口亠	10	9,1,0
亠几	10	1,1,8
廿乚	10	1,6,3
宀夗	10	3,1,6
冖方	10	0,0,10
氵艹	10	9,0,1
一巾	10	0,1,9
氵木	10	10,0,0
氵人	10	9,1,0
厂巳	10	2,0,8
勹虫	10	0,1,9
田田	10	2,2,6
人冂	10	0,10,0
八言	10	0,0,10
匚乂	10	4,0,6
四土	10	2,8,0
戈尤	10	2,0,8
戈戈	10	1,1,8
一巛	10	2,8,0
巛工	10	0,2,8
爪彐	10	1,2,7
口㐄	10	0,0,10
耳耳	10	1,4,5
因大	9	2,1,6
宀匕	9	1,0,8
口人	9	8,1,0
㇕大	9	0,1,8
亻大	9	8,1,0
木一	9	6,0,3
弓亻	9	0,2,7
宀二	9	3,6,0
丶王	9	1,1,7
冫欠	9	7,1,1
口土	9	4,0,5
二灬	9	0,2,7
日四	9	2,7,0
工㇕	9	1,7,1
冖口	9	0,9,0
口心	9	0,0,9
氵儿	9	1,1,7
户冂	9	2,7,0
氵十	9	7,0,2
王丶	9	3,1,5
艹人	9	6,3,0
一白	9	2,1,6
大丁	9	1,8,0
口子	9	1,4,4
禾火	9	2,0,7
扌斤	9	7,0,2
䒑口	9	0,0,9
厶八	9	1,8,0
刀丶	9	2,2,5
木亠	9	9,0,0
人十	9	0,0,9
䒑艹	9	2,0,7
廿口	9	5,4,0
乂凵	9	2,0,7
丷酉	9	5,3,1
丰力	9	5,3,1
一䒑	9	0,7,2
白王	9	1,0,8
水冂	9	8,1,0
冂攵	9	0,6,3
上小	9	2,6,1
二日	9	0,2,7
虫虫	9	2,2,5
冖車	9	1,1,7
二⺍	9	0,2,7
言人	9	7,2,0
口耳	9	2,4,3
士四	9	1,8,0
火冖	9	0,9,0
口寸	9	1,0,8
小尤	8	3,0,5
夕夕	8	2,0,6
口攵	8	0,0,8
木目	8	2,0,6
木斤	8	3,1,4
矢乙	8	1,1,6
日乂	8	0,2,6
女口	8	7,0,1
方攵	8	1,0,7
千艹	8	2,6,0
卜日	8	2,5,1
二小	8	3,0,5
亻一	8	7,1,0
四又	8	0,0,8
千日	8	2,6,0
七儿	8	1,4,3
扌日	8	8,0,0
雨而	8	1,0,7
亻寸	8	1,0,7
亠丷	8	8,0,0
丿㠯	8	4,3,1
⺈用	8	6,0,2
十日	8	8,0,0
人丶	8	5,3,0
甫寸	8	0,1,7
艹冂	8	4,4,0
匚㇕	8	1,2,5
八人	8	4,4,0
氵廿	8	8,0,0
弓川	8	2,1,5
山而	8	1,1,6
臼丨	8	1,7,0
癶一	8	4,4,0
㇆一	8	2,4,2
㇆丶	8	0,0,8
宀示	8	1,0,7
女又	8	7,0,1
亠人	8	2,6,0
立甲	8	1,7,0
禾女	8	2,1,5
亻木	8	2,1,5
艹口	8	5,3,0
口隹	8	1,3,4
力攵	8	0,4,4
日夂	8	0,0,8
一彐	8	1,7,0
木冂	8	6,0,2
丷弓	8	2,6,0
土川	8	7,1,0
夂丰	8	0,1,7
甘𧘇	8	0,0,8
扌⺈	8	8,0,0
月月	8	2,0,6
廿灬	8	0,1,7
米夕	8	1,7,0
癶口	8	0,8,0
厶皿	8	0,0,8
木⺈	8	3,5,0
因人	8	1,6,1
士䒑	8	0,8,0
宀丁	8	1,0,7
㇕丶	8	2,6,0
㇆彡	8	0,2,6
人匕	8	1,1,6
人巳	8	2,1,5
工㇆	8	1,1,6
門木	8	2,5,1
絲隹	8	1,0,7
心夂	8	0,0,8
大人	8	2,6,0
片爿	8	0,0,8
田皿	8	0,2,6
厶人	7	1,3,3
牛儿	7	2,2,3
㇆人	7	1,0,6
一日	7	2,5,0
日冂	7	2,5,0
冖又	7	0,2,5
宀㠯	7	1,1,5
丷四	7	1,6,0
田絲	7	1,0,6
口力	7	3,2,2
阝人	7	7,0,0
彐心	7	0,1,6
亻丿	7	6,1,0
耳攵	7	0,2,5
扌口	7	7,0,0
厶川	7	0,0,7
行人	7	4,3,0
八厶	7	3,0,4
禾刂	7	3,0,4
㇕丨	7	0,1,6
亻口	7	6,1,0
氵小	7	6,1,0
口了	7	2,3,2
心丿	7	1,2,4
丨又	7	0,0,7
彐氵	7	1,1,5
之一	7	6,1,0
丶水	7	1,0,6
大火	7	2,0,5
大一	7	3,4,0
广亻	7	5,2,0
土亠	7	7,0,0
冖豕	7	1,0,6
木丶	7	3,1,3
儿丶	7	0,0,7
⺈儿	7	0,7,0
隹灬	7	1,1,5
人止	7	1,2,4
亠日	7	2,5,0
三小	7	6,0,1
米大	7	2,0,5
⺈臼	7	1,1,5
士冖	7	7,0,0
中一	7	1,6,0
勹日	7	1,0,6
宀小	7	1,6,0
力力	7	1,3,3
口鬼	7	2,1,4
疒人	7	7,0,0
月亠	7	7,0,0
夕寸	7	0,4,3
米女	7	2,0,5
冫大	7	1,1,5
丶工	7	0,2,5
二火	7	2,0,5
丰貝	7	1,0,6
冖力	7	0,0,7
立丿	7	3,2,2
大川	7	0,0,7
⺈貝	7	1,0,6
一貝	7	0,1,6
絲人	7	6,1,0
业羊	7	2,0,5
冂䒑	7	3,4,0
八大	7	0,0,7
戈人	7	0,0,7
四絲	7	1,6,0
⺈小	6	1,2,3
尸匕	6	2,1,3
寸丿	6	1,0,5
者匕	6	2,2,2
人王	6	1,0,5
宀女	6	2,1,3
䒑大	6	2,2,2
氵土	6	4,2,0
丬匕	6	3,2,1
月攵	6	0,0,6
艮冂	6	1,0,5
口艹	6	6,0,0
丿絲	6	1,0,5
亻立	6	4,1,1
又土	6	1,1,4
亠十	6	0,6,0
口欠	6	1,0,5
穴工	6	2,0,4
勹冫	6	1,1,4
氵丶	6	3,1,2
牛人	6	1,1,4
㇕㇕	6	0,6,0
㇕又	6	0,0,6
⺈丶	6	2,0,4
丁䒑	6	1,0,5
扌爪	6	6,0,0
爪木	6	2,1,3
一心	6	0,2,4
氵冖	6	6,0,0
矢口	6	2,1,3
亻丨	6	6,0,0
夕刂	6	0,2,4
亻弋	6	5,0,1
禾㇆	6	1,5,0
月半	6	4,2,0
田心	6	1,0,5
夂冫	6	1,1,4
大巾	6	1,0,5
止小	6	3,2,1
小冂	6	2,4,0
日刂	6	2,4,0
厂日	6	6,0,0
⺮人	6	5,1,0
斤一	6	2,4,0
宀丰	6	4,2,0
匕白	6	0,1,5
王王	6	5,0,1
㇕十	6	1,0,5
一木	6	1,0,5
扌小	6	6,0,0
穴人	6	1,5,0
十冖	6	2,4,0
田月	6	1,0,5
其乚	6	4,0,2
口刂	6	0,0,6
氵尸	6	6,0,0
木匚	6	6,0,0
扌大	6	6,0,0
乚木	6	0,0,6
艮阝	6	0,1,5
鬼夂	6	1,5,0
乂大	6	2,4,0
䒑刂	6	0,5,1
艹田	6	1,0,5
彐女	6	0,1,5
十艹	6	2,4,0
口丰	6	2,2,2
小又	6	0,2,4
习人	6	0,6,0
人川	6	1,0,5
习隹	6	0,1,5
扌又	6	6,0,0
尸丶	6	4,0,2
冂冂	6	2,4,0
⺈厂	6	2,4,0
四勹	6	1,5,0
彐水	6	2,1,3
亠甘	6	0,6,0
廿由	6	1,5,0
非一	6	1,0,5
一业	6	5,0,1
冂乂	6	3,0,3
乂木	6	5,1,0
車斤	6	3,0,3
言亠	6	6,0,0
丬夕	6	5,1,0
貝刂	6	1,1,4
丰寸	6	1,0,5
⺈冂	6	1,5,0
厶大	6	3,3,0
四夕	6	1,1,4
口鳥	6	1,0,5
日戈	6	1,0,5
金小	6	6,0,0
一八	6	0,5,1
絲宀	6	6,0,0
广由	6	1,5,0
爿夕	6	5,1,0
幺戈	6	0,6,0
甘冂	6	0,6,0
車寸	6	1,1,4
之土	6	3,3,0
隹又	6	1,1,4
日口	6	0,6,0
臣又	6	5,1,0
皿丁	6	0,0,6
人皿	6	0,0,6
彐片	6	1,5,0
勹凵	6	4,0,2
二阝	5	0,1,4
口尸	5	5,0,0
一卜	5	2,1,2
厶月	5	3,0,2
亻日	5	4,1,0
口阝	5	1,0,4
立木	5	3,2,0
自口	5	1,0,4
䒑月	5	3,2,0
口豕	5	1,0,4
厶矢	5	1,1,3
羊工	5	1,0,4
田力	5	1,0,4
人土	5	0,0,5
氏冂	5	0,1,4
爪冖	5	4,1,0
之斤	5	5,0,0
艹刂	5	1,1,3
忄日	5	5,0,0
白小	5	0,4,1
弋工	5	1,0,4
刀田	5	0,0,5
子攵	5	1,1,3
艮七	5	2,3,0
口大	5	3,2,0
廴彐	5	1,4,0
日匕	5	1,4,0
冖儿	5	1,1,3
禾日	5	3,0,2
亻廿	5	5,0,0
日生	5	1,0,4
氵勹	5	4,1,0
亠川	5	3,2,0
尹口	5	3,0,2
巳七	5	1,0,4
丘八	5	1,0,4
彐口	5	0,1,4
一自	5	2,3,0
宀甘	5	5,0,0
甘八	5	0,5,0
口冖	5	0,5,0
冖几	5	1,1,3
日心	5	0,1,4
因木	5	1,0,4
扌艹	5	5,0,0
口王	5	1,1,3
矢廿	5	2,3,0
氏丿	5	4,1,0
行山	5	5,0,0
一乚	5	2,3,0
尸十	5	2,3,0
丰口	5	0,3,2
田展	5	1,1,3
䒑业	5	2,2,1
八土	5	0,0,5
夗示	5	1,0,4
尸至	5	1,0,4
氵甫	5	2,2,1
几木	5	2,1,2
㇕心	5	0,1,4
氵刀	5	5,0,0
二川	5	1,0,4
一豕	5	0,0,5
丿七	5	0,1,4
女宀	5	5,0,0
尸水	5	3,2,0
木艹	5	5,0,0
勹牛	5	0,5,0
女丿	5	5,0,0
之丷	5	3,2,0
丷豕	5	0,2,3
木示	5	2,1,2
士尸	5	5,0,0
爪大	5	0,5,0
十十	5	0,5,0
㇕水	5	3,2,0
氵爪	5	5,0,0
爪幺	5	3,2,0
不一	5	2,0,3
勹厶	5	1,0,4
白巾	5	1,1,3
目隹	5	1,1,3
丿止	5	0,1,4
爪子	5	2,0,3
厂一	5	4,1,0
氵口	5	4,1,0
尸凵	5	1,4,0
工凡	5	3,1,1
䒑凵	5	2,3,0
氏刀	5	1,4,0
田一	5	0,4,1
自米	5	1,4,0
白方	5	0,5,0
亻隹	5	0,5,0
矢日	5	1,4,0
忄人	5	5,0,0
土日	5	5,0,0
丿之	5	1,1,3
䒑幺	5	3,2,0
彐冖	5	1,4,0
巛日	5	3,2,0
扌厶	5	5,0,0
爪臼	5	1,1,3
工月	5	0,0,5
冖子	5	0,1,4
丰刀	5	2,3,0
木宀	5	5,0,0
夕牛	5	0,5,0
氵弓	5	5,0,0
艹四	5	5,0,0
艹隹	5	2,3,0
氵又	5	5,0,0
一人	5	0,5,0
口又	5	3,2,0
木刂	5	2,0,3
忄亠	5	5,0,0
䒑寸	5	0,0,5
扌丸	5	5,0,0
貝戈	5	3,1,1
文川	5	2,0,3
亠刂	5	5,0,0
門口	5	4,1,0
丷日	5	1,4,0
大阝	5	0,0,5
艹工	5	1,0,4
之車	5	1,1,3
艹阝	5	4,0,1
卜貝	5	1,0,4
刂又	5	5,0,0
山一	5	5,0,0
貝貝	5	2,3,0
貝女	5	0,2,3
金人	5	5,0,0
金勹	5	5,0,0
金亠	5	5,0,0
又工	5	0,1,4
魚日	5	3,0,2
言艹	5	5,0,0
阝二	5	4,1,0
絲口	5	4,0,1
絲冂	5	5,0,0
⺮四	5	3,2,0
虎豕	5	1,1,3
白幺	5	1,4,0
幺木	5	0,0,5
氏川	5	0,0,5
丶鹿	5	0,0,5
刂辰	5	0,1,4
厂禾	5	2,3,0
禾止	5	1,0,4
宀皿	5	0,5,0
亻宀	5	5,0,0
人四	5	0,5,0
艹宀	5	5,0,0
凵欠	5	0,0,5
大丨	4	2,2,0
口巴	4	1,0,3
刀二	4	1,3,0
月匕	4	1,3,0
亻十	4	4,0,0
扌立	4	3,1,0
戈口	4	2,2,0
宀豕	4	1,0,3
人舌	4	2,1,1
口手	4	1,0,3
夕匕	4	0,1,3
戊㇆	4	2,0,2
口刀	4	2,1,1
目艹	4	3,1,0
扌宀	4	4,0,0
艹亻	4	4,0,0
夕口	4	1,0,3
亻矢	4	4,0,0
之䒑	4	4,0,0
亠巾	4	1,0,3
扌廿	4	4,0,0
者了	4	1,0,3
䒑自	4	2,2,0
巾刂	4	0,2,2
甘木	4	1,0,3
刂王	4	3,1,0
廿又	4	0,1,3
厂白	4	3,1,0
亻戈	4	2,0,2
丿皿	4	3,0,1
七刀	4	1,0,3
者子	4	2,0,2
口丁	4	2,2,0
扌匕	4	4,0,0
寸氵	4	3,1,0
氵丰	4	4,0,0
亻㇕	4	2,2,0
亻三	4	2,2,0
大工	4	1,2,1
㇕耳	4	2,2,0
十冂	4	2,2,0
亻鬼	4	4,0,0
八木	4	0,0,4
亻丁	4	3,1,0
卜丨	4	0,0,4
亻亠	4	4,0,0
口自	4	4,0,0
⺮木	4	4,0,0
亻夂	4	1,2,1
十月	4	0,0,4
之牛	4	3,1,0
扌勹	4	4,0,0
冂又	4	0,1,3
舟殳	4	3,0,1
氵厂	4	4,0,0
宀大	4	4,0,0
火日	4	4,0,0
八水	4	0,0,4
雨田	4	1,0,3
子皿	4	1,1,2
其斤	4	1,0,3
扌土	4	4,0,0
半巳	4	1,1,2
之米	4	2,0,2
氵厶	4	4,0,0
木土	4	3,0,1
弓冫	4	1,0,3
夫夫	4	2,2,0
一弋	4	2,2,0
弋止	4	0,2,2
亻土	4	4,0,0
厶儿	4	1,1,2
㇕矢	4	0,1,3
大厶	4	1,1,2
羊䒑	4	1,3,0
丶心	4	0,1,3
止月	4	1,0,3
木春	4	4,0,0
春工	4	1,1,2
斤丶	4	1,1,2
亻二	4	4,0,0
大忄	4	0,0,4
矢矢	4	0,1,3
人水	4	0,0,4
身寸	4	1,0,3
女鬼	4	2,1,1
阝一	4	3,1,0
匚王	4	1,1,2
丰阝	4	2,0,2
酉寸	4	0,1,3
月一	4	3,1,0
丰丰	4	4,0,0
䒑八	4	1,3,0
八皿	4	0,1,3
亠月	4	0,4,0
斤十	4	2,2,0
臼巛	4	3,0,1
艹㇕	4	4,0,0
一刂	4	0,2,2
幺大	4	0,1,3
木十	4	4,0,0
口廿	4	4,0,0
攵心	4	0,0,4
木又	4	4,0,0
扌一	4	4,0,0
扌尸	4	4,0,0
自心	4	1,0,3
之夂	4	1,3,0
勹米	4	0,1,3
几一	4	2,2,0
氵西	4	4,0,0
艹亠	4	4,0,0
艹亡	4	2,2,0
幺力	4	1,0,3
春一	4	1,3,0
山大	4	3,1,0
疒矢	4	3,0,1
木戈	4	3,1,0
土卜	4	1,1,2
西日	4	1,3,0
大弓	4	1,1,2
一力	4	1,1,2
月土	4	2,0,2
日女	4	0,1,3
日习	4	0,4,0
厂土	4	1,3,0
口亻	4	4,0,0
乙十	4	1,1,2
尸示	4	3,1,0
示寸	4	0,2,2
亠子	4	0,4,0
氵䒑	4	4,0,0
亻小	4	4,0,0
艹土	4	4,0,0
阝大	4	3,1,0
扌广	4	4,0,0
羊灬	4	2,1,1
三田	4	0,4,0
方人	4	1,3,0
人冫	4	0,0,4
月日	4	4,0,0
毛毛	4	0,2,2
羊丶	4	1,3,0
口宀	4	3,1,0
木隹	4	3,0,1
日皿	4	0,1,3
王亠	4	3,1,0
氵士	4	4,0,0
酉大	4	1,3,0
虫口	4	4,0,0
戊丶	4	1,0,3
之大	4	2,2,0
虫亠	4	4,0,0
厶厶	4	2,2,0
亠乂	4	2,2,0
乚一	4	0,1,3
山人	4	4,0,0
广土	4	1,0,3
⺮亠	4	4,0,0
二乚	4	1,3,0
乚丶	4	0,1,3
小彐	4	1,0,3
彡頁	4	1,0,3
金冂	4	4,0,0
夂木	4	1,0,3
⺍一	4	3,1,0
女攵	4	0,1,3
又隹	4	1,0,3
力八	4	1,0,3
絲亠	4	4,0,0
爪牛	4	1,3,0
大彡	4	0,0,4
氵㇆	4	3,1,0
彐川	4	1,3,0
絲勹	4	2,2,0
七小	4	1,1,2
車一	4	4,0,0
小頁	4	0,1,3
艹貝	4	0,0,4
匕十	4	0,0,4
⺮見	4	0,1,3
金口	4	4,0,0
金立	4	4,0,0
魚羊	4	2,0,2
夂力	4	1,0,3
言工	4	4,0,0
言矢	4	4,0,0
丶乂	4	1,0,3
言⺈	4	4,0,0
䒑二	4	1,0,3
口頁	4	0,1,3
絲戈	4	3,1,0
金四	4	4,0,0
臼一	4	4,0,0
癶弓	4	1,3,0
弓殳	4	0,1,3
䒑山	4	0,1,3
夂心	4	0,0,4
爿士	4	3,0,1
車車	4	2,1,1
口夫	4	0,2,2
夫隹	4	0,0,4
臼儿	4	1,0,3
廿人	4	0,4,0
土羊	4	0,1,3
彑水	4	1,1,2
魚禾	4	2,1,1
户大	4	1,3,0
羊手	4	1,3,0
亠氏	4	0,4,0
千二	4	0,4,0
一丶	4	0,4,0
乡隹	4	0,1,3
四見	4	0,0,4
人非	4	0,4,0
口禾	4	1,0,3
厂凵	4	0,4,0
忄冂	4	4,0,0
丨土	3	0,1,2
亻⺈	3	3,0,0
禾口	3	3,0,0
行日	3	1,2,0
阝丁	3	1,2,0
口凵	3	3,0,0
小心	3	0,0,3
口彐	3	2,1,0
口丶	3	1,0,2
⺮目	3	3,0,0
口厶	3	3,0,0
扌卜	3	3,0,0
足夂	3	2,1,0
立女	3	1,1,1
羊大	3	1,0,2
丰𧘇	3	1,0,2
广卜	3	1,2,0
日月	3	2,0,1
日刀	3	2,1,0
口灬	3	0,0,3
阝立	3	2,1,0
忄艹	3	3,0,0
三殳	3	0,1,2
口巾	3	1,0,2
⺈巴	3	1,0,2
冂半	3	0,1,2
之艮	3	1,0,2
冖八	3	1,2,0
丨夂	3	0,3,0
亻八	3	3,0,0
冖丁	3	0,0,3
禾冫	3	1,2,0
刀牛	3	0,0,3
日矢	3	2,1,0
氵皮	3	2,0,1
氵夂	3	2,1,0
艹三	3	3,0,0
亠亻	3	2,1,0
夂丶	3	0,0,3
艹十	3	3,0,0
人木	3	0,2,1
月冂	3	3,0,0
宀由	3	1,2,0
土十	3	3,0,0
自夂	3	0,1,2
扌穴	3	3,0,0
日儿	3	0,1,2
子阝	3	0,0,3
日八	3	0,3,0
田八	3	1,2,0
夕大	3	1,1,1
丶灬	3	0,0,3
犭王	3	1,0,2
日土	3	2,1,0
几口	3	0,1,2
宀夂	3	2,1,0
礻口	3	3,0,0
亻厶	3	3,0,0
春禾	3	1,0,2
匕灬	3	0,0,3
足日	3	3,0,0
木矢	3	3,0,0
尸艹	3	1,2,0
艹展	3	0,1,2
日目	3	1,0,2
日亠	3	2,1,0
⺍川	3	1,0,2
丸灬	3	0,0,3
子乚	3	1,0,2
士心	3	1,0,2
氵方	3	3,0,0
酉亠	3	3,0,0
冂亠	3	2,0,1
人刂	3	0,1,2
山隹	3	1,1,1
口四	3	3,0,0
宀心	3	3,0,0
冖絲	3	0,1,2
又豕	3	0,2,1
扌䒑	3	3,0,0
月艹	3	3,0,0
业日	3	0,1,2
䒑彡	3	0,0,3
因一	3	1,2,0
木彡	3	1,1,1
疒一	3	3,0,0
工力	3	1,0,2
口㇆	3	2,1,0
卜又	3	0,1,2
用力	3	0,1,2
之日	3	3,0,0
白水	3	1,0,2
丷丁	3	0,0,3
口勹	3	3,0,0
厶隹	3	0,1,2
勹乂	3	1,2,0
車心	3	1,0,2
口中	3	2,0,1
王人	3	3,0,0
雨木	3	2,1,0
牛巾	3	3,0,0
且力	3	1,0,2
十目	3	0,1,2
冖二	3	1,2,0
石亠	3	3,0,0
戈艹	3	1,0,2
木白	3	3,0,0
㇕亻	3	0,1,2
艹因	3	3,0,0
尸廿	3	3,0,0
忄厶	3	3,0,0
女尸	3	3,0,0
乚丿	3	1,0,2
土立	3	3,0,0
艹禾	3	3,0,0
匕㇕	3	0,3,0
艹之	3	3,0,0
之尸	3	3,0,0
因十	3	1,2,0
足丷	3	3,0,0
一川	3	1,0,2
之白	3	3,0,0
穴矢	3	1,2,0
又亻	3	0,3,0
亡川	3	0,0,3
山口	3	1,2,0
巾日	3	3,0,0
冂廿	3	1,2,0
衤日	3	3,0,0
牛止	3	1,2,0
止冂	3	0,0,3
矢十	3	1,0,2
弓厶	3	2,0,1
冂丶	3	0,1,2
勹攵	3	0,3,0
亻丷	3	3,0,0
厶力	3	0,1,2
土一	3	3,0,0
氵卜	3	2,1,0
忄隹	3	2,0,1
四者	3	1,0,2
月力	3	2,1,0
亻丰	3	3,0,0
山月	3	1,2,0
火亠	3	3,0,0
石土	3	3,0,0
氵丿	3	2,1,0
口因	3	2,1,0
氵白	3	2,0,1
巾立	3	3,0,0
口爪	3	2,1,0
木卜	3	3,0,0
一乂	3	1,1,1
月⺈	3	2,1,0
女十	3	2,1,0
凵月	3	0,1,2
忄十	3	3,0,0
小二	3	0,3,0
禾爪	3	3,0,0
艹尸	3	3,0,0
氵隹	3	2,0,1
艹力	3	3,0,0
王攵	3	1,0,2
爪女	3	1,0,2
火⺈	3	3,0,0
氵立	3	3,0,0
口者	3	3,0,0
人㇕	3	0,3,0
刀大	3	0,1,2
口羊	3	1,2,0
口虫	3	2,1,0
之工	3	1,2,0
目爪	3	3,0,0
尸行	3	3,0,0
氵大	3	3,0,0
耳阝	3	1,1,1
木小	3	3,0,0
扌山	3	3,0,0
巳廿	3	0,3,0
戈大	3	1,0,2
氵七	3	3,0,0
女一	3	3,0,0
足亠	3	3,0,0
冖亠	3	0,3,0
戊上	3	3,0,0
忄土	3	3,0,0
忄丷	3	3,0,0
扌㇕	3	3,0,0
阝日	3	3,0,0
口虎	3	3,0,0
亻尸	3	3,0,0
忄大	3	3,0,0
丶虫	3	0,0,3
木工	3	3,0,0
虎业	3	1,1,1
水牛	3	0,1,2
亻田	3	3,0,0
行一	3	3,0,0
艹广	3	3,0,0
亻卜	3	3,0,0
宀艹	3	3,0,0
犭日	3	3,0,0
户隹	3	2,0,1
夕勹	3	0,3,0
阝之	3	3,0,0
巛鬼	3	0,3,0
鬼乂	3	0,0,3
虫丶	3	3,0,0
疒⺈	3	3,0,0
土㇆	3	2,1,0
足又	3	3,0,0
厶艹	3	1,1,1
木㇆	3	3,0,0
一尤	3	1,0,2
匚矢	3	3,0,0
虫日	3	3,0,0
冫亠	3	3,0,0
亠因	3	3,0,0
丷㇆	3	1,2,0
工頁	3	1,0,2
二水	3	1,0,2
乚又	3	0,3,0
口馬	3	1,0,2
金十	3	3,0,0
金牛	3	3,0,0
弋二	3	1,2,0
氏小	3	1,0,2
門日	3	1,0,2
七㇆	3	0,3,0
㇆八	3	0,0,3
氵貝	3	3,0,0
⺍冖	3	2,1,0
十冫	3	0,3,0
土二	3	2,1,0
之二	3	3,0,0
扌四	3	3,0,0
丸土	3	0,1,2
扌門	3	3,0,0
八頁	3	0,0,3
犭大	3	1,2,0
艹絲	3	3,0,0
厂力	3	1,1,1
口⺈	3	2,1,0
石广	3	3,0,0
冖牛	3	0,1,2
車人	3	3,0,0
卜因	3	3,0,0
艹門	3	2,1,0
足戈	3	3,0,0
刂一	3	1,2,0
儿貝	3	0,0,3
⺮彐	3	3,0,0
食⺈	3	3,0,0
刀貝	3	0,1,2
金丰	3	3,0,0
金白	3	3,0,0
广刂	3	0,3,0
二人	3	0,3,0
月人	3	3,0,0
言大	3	2,1,0
犭宀	3	3,0,0
冖𧘇	3	1,1,1
夂卜	3	2,1,0
言十	3	3,0,0
亡口	3	3,0,0
言丶	3	3,0,0
言又	3	3,0,0
隹鳥	3	0,0,3
忄木	3	3,0,0
母貝	3	1,1,1
氵戈	3	3,0,0
氵⺈	3	3,0,0
氵門	3	3,0,0
氵户	3	3,0,0
宀丘	3	1,2,0
冖隹	3	1,0,2
乙冫	3	2,0,1
絲白	3	3,0,0
絲爪	3	3,0,0
絲刀	3	3,0,0
彑豕	3	1,1,1
工貝	3	1,0,2
日工	3	1,2,0
之四	3	3,0,0
木幺	3	1,0,2
臼乂	3	2,1,0
口夂	3	2,1,0
䒑亡	3	0,0,3
言士	3	3,0,0
金刂	3	1,0,2
一小	3	0,1,2
口乚	3	1,1,1
子丿	3	1,2,0
艹魚	3	2,1,0
大隹	3	2,0,1
日丶	3	0,3,0
乡丶	3	3,0,0
西土	3	1,1,1
臼冂	3	3,0,0
氵因	3	3,0,0
土因	3	0,3,0
文厂	3	3,0,0
氵四	3	3,0,0
言牛	3	3,0,0
丿生	3	0,1,2
禾土	3	2,0,1
絲弓	3	1,0,2
凵凵	3	0,3,0
半丸	3	0,2,1
宀釆	3	1,2,0
女亠	3	3,0,0
廿夫	3	0,3,0
戈臣	3	0,0,3
儿日	3	0,0,3
亻士	3	3,0,0
习白	3	0,1,2
臣四	3	0,3,0
犭火	3	1,0,2
欠心	3	0,0,3
了戈	3	0,0,3
巛乂	3	0,3,0
乂巛	3	0,0,3
宀爿	3	3,0,0
艹艹	3	0,3,0
目目	3	1,2,0
爿戈	3	2,1,0
禾人	3	3,0,0
爪心	3	0,3,0
巛田	3	0,1,2
臼人	3	1,1,1
子子	3	0,1,2
者阝	2	1,0,1
西女	2	1,0,1
至刂	2	1,0,1
⺮土	2	2,0,0
大心	2	0,1,1
扌丁	2	2,0,0
口扌	2	2,0,0
口牙	2	1,0,1
扌戈	2	2,0,0
日耳	2	1,1,0
口矢	2	2,0,0
忄㇕	2	1,1,0
斤㇕	2	2,0,0
口非	2	1,1,0
王艹	2	2,0,0
⺮弓	2	2,0,0
忄白	2	2,0,0
亻丶	2	2,0,0
扌白	2	1,0,1
廿月	2	1,1,0
艹乂	2	1,1,0
亻氏	2	2,0,0
⺮丿	2	2,0,0
尸巾	2	1,1,0
亻至	2	2,0,0
氵矢	2	1,1,0
亻言	2	2,0,0
木寸	2	2,0,0
土勹	2	1,1,0
丶刀	2	0,2,0
牛土	2	2,0,0
氵牛	2	2,0,0
亻㇆	2	2,0,0
氵舌	2	1,0,1
亻牛	2	2,0,0
行十	2	1,1,0
尸㇆	2	1,1,0
㇆口	2	0,1,1
行土	2	2,0,0
匚巾	2	1,1,0
木艮	2	2,0,0
石因	2	2,0,0
忄丰	2	2,0,0
扌刀	2	2,0,0
疒又	2	2,0,0
斤氏	2	0,1,1
巾卜	2	2,0,0
之丿	2	1,1,0
扌隹	2	2,0,0
氵工	2	2,0,0
三廿	2	0,2,0
禾小	2	2,0,0
丨子	2	0,1,1
一韋	2	1,1,0
女木	2	1,1,0
口止	2	2,0,0
石一	2	2,0,0
土田	2	1,1,0
八巳	2	0,0,2
弓丨	2	1,0,1
忄艮	2	2,0,0
亡月	2	2,0,0
氵丁	2	2,0,0
礻一	2	2,0,0
之艹	2	2,0,0
不口	2	1,0,1
扌千	2	2,0,0
口乂	2	1,0,1
扌矢	2	2,0,0
矢也	2	0,1,1
阝宀	2	2,0,0
氵羊	2	2,0,0
阝夂	2	2,0,0
之犭	2	2,0,0
艹者	2	1,0,1
宀寸	2	1,0,1
小彡	2	0,0,2
夫日	2	0,1,1
木氏	2	2,0,0
亻户	2	2,0,0
口丸	2	0,2,0
䒑彐	2	2,0,0
几攵	2	0,0,2
木鬼	2	1,0,1
氵冂	2	2,0,0
亻山	2	2,0,0
石䒑	2	2,0,0
艹戈	2	1,1,0
日立	2	1,0,1
至攵	2	1,0,1
扌㇆	2	2,0,0
矢子	2	0,0,2
母攵	2	0,2,0
自大	2	1,1,0
艹夗	2	2,0,0
米广	2	2,0,0
氵釆	2	1,1,0
丷冖	2	0,2,0
艹千	2	2,0,0
宀且	2	1,0,1
木㇕	2	0,2,0
艹方	2	2,0,0
王山	2	1,1,0
禾子	2	1,0,1
勹人	2	0,2,0
口匕	2	1,1,0
氵巳	2	1,1,0
土隹	2	2,0,0
扌氏	2	2,0,0
中心	2	1,0,1
刀八	2	0,2,0
足大	2	2,0,0
虫宀	2	2,0,0
尸䒑	2	1,1,0
冖一	2	1,1,0
工了	2	1,0,1
手一	2	1,1,0
一丰	2	0,1,1
氏日	2	1,0,1
木石	2	0,0,2
口丿	2	2,0,0
丿丷	2	1,1,0
丷寸	2	0,0,2
艹丿	2	2,0,0
一丷	2	0,2,0
之木	2	2,0,0
月勹	2	2,0,0
扌冖	2	2,0,0
石廿	2	2,0,0
扌臼	2	2,0,0
尸毛	2	1,0,1
女䒑	2	2,0,0
口甲	2	2,0,0
亻半	2	2,0,0
攵灬	2	0,0,2
四十	2	2,0,0
斤欠	2	1,0,1
辛木	2	1,0,1
丰彐	2	0,1,1
走小	2	2,0,0
一生	2	0,0,2
日爪	2	2,0,0
大十	2	1,0,1
牙阝	2	1,0,1
又木	2	0,0,2
亠氵	2	0,2,0
一灬	2	0,1,1
女小	2	2,0,0
女厶	2	2,0,0
⺮亻	2	2,0,0
扌春	2	2,0,0
刂心	2	0,0,2
之⺈	2	2,0,0
九木	2	1,1,0
火勹	2	2,0,0
尸目	2	1,0,1
王白	2	2,0,0
氵八	2	2,0,0
氵㇕	2	2,0,0
水凵	2	0,0,2
日𧘇	2	0,1,1
八殳	2	0,0,2
舟亠	2	2,0,0
尸米	2	2,0,0
扌夫	2	2,0,0
氵广	2	2,0,0
艹心	2	2,0,0
宀丿	2	1,1,0
隹戈	2	0,1,1
子瓜	2	1,0,1
亻工	2	2,0,0
土广	2	2,0,0
山厂	2	2,0,0
刂灬	2	0,0,2
虫廿	2	2,0,0
木冖	2	2,0,0
丿又	2	0,2,0
又皿	2	0,0,2
扌乚	2	2,0,0
尤习	2	0,2,0
斤彐	2	2,0,0
王文	2	2,0,0
彡心	2	0,1,1
氵彐	2	2,0,0
氵氏	2	2,0,0
户习	2	1,1,0
大土	2	1,0,1
大示	2	1,0,1
艹戊	2	1,1,0
自田	2	2,0,0
半水	2	0,0,2
亻方	2	2,0,0
石石	2	1,0,1
厂亻	2	2,0,0
口山	2	1,0,1
丿虫	2	0,0,2
阝⺈	2	2,0,0
匕矢	2	2,0,0
矢㇕	2	0,2,0
彐止	2	0,0,2
雨革	2	1,1,0
革月	2	0,1,1
廿巾	2	0,1,1
行牛	2	2,0,0
宀辛	2	1,0,1
一中	2	2,0,0
扌匚	2	2,0,0
之人	2	2,0,0
扌工	2	2,0,0
宀牛	2	2,0,0
扌八	2	2,0,0
石小	2	2,0,0
乚欠	2	0,0,2
阝土	2	2,0,0
虎匚	2	1,0,1
口戈	2	0,1,1
氵止	2	2,0,0
氵匚	2	2,0,0
⺮月	2	2,0,0
木月	2	1,0,1
足山	2	2,0,0
口几	2	1,1,0
土欠	2	1,0,1
扌半	2	2,0,0
米艹	2	2,0,0
乚灬	2	0,0,2
疒火	2	2,0,0
艮寸	2	0,0,2
夕丶	2	0,2,0
田大	2	1,0,1
宀日	2	2,0,0
由了	2	0,1,1
广䒑	2	1,1,0
木乂	2	2,0,0
大手	2	0,0,2
工人	2	1,1,0
氵心	2	2,0,0
匕艹	2	0,0,2
目癶	2	2,0,0
革亻	2	2,0,0
艹立	2	2,0,0
厶心	2	0,0,2
木𧘇	2	0,0,2
火口	2	1,1,0
氵癶	2	2,0,0
冖日	2	1,1,0
女甘	2	2,0,0
扌甫	2	2,0,0
心心	2	0,1,1
四方	2	0,1,1
忄矢	2	2,0,0
扌用	2	2,0,0
絲攵	2	0,0,2
幺田	2	0,0,2
二卜	2	0,2,0
豸白	2	1,1,0
白儿	2	0,1,1
木大	2	1,0,1
亻彐	2	2,0,0
扌因	2	2,0,0
木丷	2	2,0,0
月宀	2	2,0,0
又力	2	1,1,0
刀手	2	0,0,2
虫土	2	2,0,0
王⺈	2	2,0,0
釆心	2	1,0,1
之中	2	2,0,0
一㠯	2	0,0,2
⺮氵	2	2,0,0
石冂	2	2,0,0
西木	2	1,0,1
子力	2	0,0,2
禾冂	2	2,0,0
巳刂	2	0,1,1
火夂	2	2,0,0
弓口	2	2,0,0
大力	2	1,0,1
木穴	2	2,0,0
㠯十	2	0,0,2
一由	2	0,2,0
又目	2	0,0,2
艹女	2	2,0,0
辰寸	2	1,0,1
匚日	2	0,2,0
木士	2	2,0,0
亡女	2	1,1,0
扌巳	2	2,0,0
火白	2	2,0,0
月甫	2	2,0,0
⺮一	2	2,0,0
艹厶	2	1,1,0
又八	2	0,2,0
口夕	2	1,1,0
土斤	2	2,0,0
亻禾	2	2,0,0
木匕	2	2,0,0
口絲	2	1,1,0
亻广	2	2,0,0
忄一	2	2,0,0
土不	2	2,0,0
勹甫	2	1,1,0
䒑几	2	0,0,2
目⺈	2	2,0,0
身弓	2	1,0,1
月十	2	2,0,0
忄小	2	2,0,0
厂甲	2	1,1,0
目土	2	2,0,0
戊口	2	0,2,0
口士	2	2,0,0
氵目	2	2,0,0
丶艹	2	0,0,2
八欠	2	0,0,2
穴牛	2	2,0,0
月大	2	2,0,0
疒日	2	2,0,0
力刂	2	0,0,2
氵亡	2	1,1,0
弓弓	2	0,2,0
扌厂	2	2,0,0
虫丰	2	2,0,0
目小	2	1,1,0
艹丁	2	2,0,0
⺈刀	2	0,2,0
⺮工	2	2,0,0
足爪	2	2,0,0
犭甲	2	2,0,0
木甘	2	2,0,0
匚艹	2	2,0,0
彡刂	2	0,0,2
王口	2	1,1,0
卜乚	2	0,1,1
止止	2	0,1,1
火户	2	2,0,0
忄口	2	2,0,0
木了	2	2,0,0
火土	2	2,0,0
女㇕	2	2,0,0
月小	2	2,0,0
亠夂	2	0,2,0
口幺	2	2,0,0
疒禾	2	2,0,0
⺮其	2	2,0,0
彡丶	2	0,1,1
虫一	2	2,0,0
女因	2	2,0,0
水一	2	0,0,2
目大	2	0,2,0
广大	2	2,0,0
忄广	2	2,0,0
四戊	2	0,2,0
木丰	2	2,0,0
虫艹	2	2,0,0
虫廴	2	2,0,0
辛言	2	1,0,1
欠口	2	0,1,1
亻夕	2	2,0,0
虫十	2	2,0,0
虫矢	2	2,0,0
虫八	2	2,0,0
疒艹	2	2,0,0
之亠	2	2,0,0
木西	2	2,0,0
衤亻	2	2,0,0
氵乂	2	2,0,0
犭艹	2	2,0,0
犭田	2	2,0,0
冫一	2	2,0,0
乂冂	2	0,1,1
木羊	2	2,0,0
口七	2	2,0,0
厶冂	2	0,1,1
木勹	2	2,0,0
足宀	2	2,0,0
忄二	2	2,0,0
宀口	2	2,0,0
禾一	2	2,0,0
扌尤	2	2,0,0
大田	2	1,0,1
臼工	2	1,1,0
工殳	2	0,1,1
疒羊	2	2,0,0
艮土	2	1,0,1
厂䒑	2	1,1,0
口示	2	0,0,2
冖且	2	0,0,2
亻又	2	2,0,0
夂田	2	2,0,0
又寸	2	1,0,1
日寸	2	1,0,1
且厶	2	2,0,0
之頁	2	0,1,1
金戈	2	2,0,0
二貝	2	0,0,2
言冂	2	2,0,0
言斤	2	2,0,0
丬士	2	2,0,0
士亠	2	0,2,0
氵虎	2	2,0,0
虎心	2	1,1,0
艹見	2	0,2,0
宀申	2	1,0,1
馬人	2	2,0,0
㇕冫	2	1,1,0
馬户	2	2,0,0
弓長	2	1,0,1
阝月	2	1,0,1
絲工	2	2,0,0
絲七	2	2,0,0
絲田	2	2,0,0
米乚	2	1,0,1
乚斤	2	0,1,1
絲㇕	2	2,0,0
夕戈	2	0,2,0
一火	2	1,0,1
夫見	2	1,0,1
儿頁	2	0,1,1
火頁	2	1,1,0
耳口	2	2,0,0
扌二	2	2,0,0
扌耳	2	2,0,0
丸手	2	0,1,1
儿冫	2	0,0,2
門夂	2	1,1,0
冖見	2	0,0,2
扌户	2	2,0,0
扌彐	2	2,0,0
十力	2	2,0,0
艹犭	2	2,0,0
冖王	2	0,1,1
冖木	2	0,1,1
冖虫	2	0,1,1
艹彐	2	2,0,0
十㇕	2	1,1,0
木夕	2	0,2,0
雨厂	2	2,0,0
西貝	2	1,0,1
木丿	2	2,0,0
木广	2	2,0,0
木米	2	1,0,1
木阝	2	2,0,0
車又	2	2,0,0
戈皿	2	1,0,1
車丿	2	2,0,0
車亠	2	2,0,0
凵頁	2	0,1,1
虫丷	2	2,0,0
卜尸	2	2,0,0
足艹	2	2,0,0
門隹	2	0,0,2
口匚	2	2,0,0
月鳥	2	0,1,1
尸冂	2	0,2,0
日业	2	1,0,1
日广	2	2,0,0
业半	2	2,0,0
又貝	2	0,1,1
又月	2	0,1,1
又絲	2	0,1,1
山十	2	2,0,0
十八	2	0,2,0
山匚	2	2,0,0
巾口	2	1,0,1
乂刂	2	1,1,0
山夕	2	1,0,1
貝宀	2	2,0,0
目尸	2	2,0,0
山己	2	2,0,0
⺮刂	2	2,0,0
禾几	2	2,0,0
禾⺈	2	2,0,0
身匚	2	2,0,0
矢力	2	0,1,1
匕頁	2	1,1,0
匕貝	2	0,1,1
言者	2	1,1,0
食戈	2	2,0,0
食矢	2	2,0,0
十貝	2	0,1,1
金日	2	2,0,0
金禾	2	2,0,0
舟人	2	2,0,0
金夂	2	2,0,0
金广	2	2,0,0
金丷	2	2,0,0
月广	2	2,0,0
鳥山	2	1,0,1
言丁	2	2,0,0
言甘	2	2,0,0
言廿	2	2,0,0
言口	2	2,0,0
文刂	2	1,0,1
言日	2	2,0,0
亠田	2	2,0,0
八弓	2	0,0,2
丿彡	2	0,1,1
言禾	2	2,0,0
川刂	2	0,1,1
言匕	2	2,0,0
言立	2	2,0,0
言羊	2	2,0,0
言火	2	2,0,0
言之	2	2,0,0
言䒑	2	2,0,0
言宀	2	2,0,0
門土	2	2,0,0
冫馬	2	2,0,0
广車	2	1,0,1
門王	2	1,0,1
門人	2	2,0,0
門亠	2	2,0,0
門丷	2	2,0,0
門心	2	1,0,1
半言	2	1,0,1
門文	2	1,1,0
八工	2	0,0,2
彡火	2	0,0,2
宀王	2	2,0,0
之子	2	2,0,0
子小	2	1,1,0
之力	2	2,0,0
馬大	2	2,0,0
馬匚	2	2,0,0
水刂	2	0,1,1
馬丿	2	2,0,0
艮心	2	1,0,1
二山	2	1,1,0
絲士	2	2,0,0
絲丰	2	2,0,0
石卜	2	1,1,0
絲千	2	2,0,0
絲夂	2	2,0,0
絲米	2	2,0,0
女彐	2	2,0,0
絲彐	2	2,0,0
絲一	2	1,1,0
絲彑	2	2,0,0
絲凵	2	2,0,0
丸力	2	0,1,1
冖鳥	2	0,1,1
石氏	2	2,0,0
女鳥	2	1,0,1
矢丿	2	2,0,0
⺮⺈	2	2,0,0
止心	2	0,0,2
食日	2	2,0,0
金千	2	2,0,0
魚亠	2	2,0,0
言一	2	2,0,0
言八	2	2,0,0
欠皿	2	0,1,1
氵中	2	2,0,0
氵文	2	2,0,0
穴口	2	2,0,0
馬又	2	2,0,0
㇕㇆	2	1,1,0
絲大	2	2,0,0
絲又	2	2,0,0
力又	2	0,1,1
四口	2	0,2,0
丨八	2	0,0,2
門一	2	2,0,0
勹灬	2	0,0,2
廿冖	2	1,1,0
土鬼	2	2,0,0
扌虎	2	2,0,0
爪又	2	2,0,0
八丸	2	0,2,0
幺凵	2	0,2,0
凵二	2	0,0,2
阝丷	2	2,0,0
亠水	2	0,2,0
水𧘇	2	0,0,2
二力	2	0,0,2
气米	2	1,0,1
冖夕	2	0,1,1
絲木	2	1,0,1
艹白	2	2,0,0
且小	2	2,0,0
乚大	2	0,1,1
尸殳	2	0,2,0
口厂	2	2,0,0
木見	2	0,1,1
之冂	2	2,0,0
丁人	2	0,2,0
月八	2	2,0,0
金土	2	2,0,0
⺮艮	2	1,1,0
火門	2	2,0,0
幺乚	2	0,1,1
又一	2	0,0,2
灬皿	2	0,0,2
虎一	2	2,0,0
十戈	2	0,0,2
乂見	2	0,0,2
隹十	2	0,1,1
自戈	2	0,0,2
艹爿	2	2,0,0
氵戊	2	2,0,0
丁八	2	2,0,0
人夕	2	0,1,1
言刀	2	2,0,0
礻氏	2	2,0,0
月巛	2	2,0,0
臣矢	2	2,0,0
犭四	2	2,0,0
㐄木	2	0,0,2
木門	2	2,0,0
亻羊	2	2,0,0
絲土	2	2,0,0
車丁	2	2,0,0
丷川	2	0,2,0
攵馬	2	0,0,2
扌癶	2	2,0,0
厂彡	2	0,1,1
氵欠	2	1,0,1
絲心	2	0,0,2
氵言	2	2,0,0
女⺈	2	2,0,0
田廿	2	1,1,0
山八	2	1,1,0
車凵	2	2,0,0
凵殳	2	0,2,0
日彡	2	0,2,0
艹鬼	2	2,0,0
扌夕	2	2,0,0
木乚	2	2,0,0
斤虎	2	0,1,1
用勹	2	0,2,0
忄立	2	2,0,0
之西	2	2,0,0
大巳	2	0,0,2
春臼	2	1,1,0
禾禾	2	0,2,0
阝匕	2	2,0,0
扌數	2	2,0,0
鹿米	2	2,0,0
厂艹	2	2,0,0
丿一	2	0,2,0
卜冖	2	2,0,0
羊了	2	0,2,0
金臣	2	2,0,0
丁乂	2	0,2,0
行亠	2	2,0,0
自木	2	1,1,0
田土	2	1,0,1
氵其	2	2,0,0
人卜	2	0,2,0
厶牛	2	1,0,1
丷大	2	0,2,0
女女	2	1,0,1
山日	2	1,1,0
馬四	2	2,0,0
禾儿	2	2,0,0
絲鳥	2	0,0,2
穴氵	2	2,0,0
疒十	2	2,0,0
礻士	2	2,0,0
氵亻	2	1,1,0
氵田	2	2,0,0
火立	2	2,0,0
絲山	2	1,0,1
口火	2	2,0,0
女凡	2	0,0,2
殳石	2	0,1,1
艹矢	2	2,0,0
夫車	2	0,0,2
豸艮	2	2,0,0
尸勹	2	0,2,0
口女	2	1,1,0
氵山	2	2,0,0
絲巛	2	2,0,0
骨亠	2	2,0,0
木臣	2	2,0,0
山土	2	2,0,0
凵一	2	1,1,0
一虫	2	0,0,2
用心	2	0,0,2
㇆灬	2	0,0,2
王廿	2	1,1,0
鳥亠	2	1,1,0
冂八	2	0,2,0
豸甲	2	1,1,0
厂冂	2	0,2,0
王虎	2	2,0,0
白大	2	1,1,0
气因	2	2,0,0
忄禾	2	2,0,0
木毛	2	1,0,1
革之	2	2,0,0
木习	2	2,0,0
虫因	2	2,0,0
丶口	2	0,2,0
艹子	2	2,0,0
阝千	2	2,0,0
絲䒑	2	2,0,0
尸子	2	1,1,0
金大	2	2,0,0
一习	2	0,2,0
十儿	2	1,0,1
雨氵	2	2,0,0
白勹	1	1,0,0
女子	1	1,0,0
亻也	1	1,0,0
手目	1	1,0,0
女也	1	1,0,0
扌巴	1	1,0,0
行艮	1	1,0,0
目心	1	0,1,0
衤皮	1	1,0,0
土也	1	1,0,0
矢㐄	1	1,0,0
羊目	1	1,0,0
足艮	1	1,0,0
口广	1	1,0,0
王二	1	1,0,0
㇕斤	1	0,1,0
寸口	1	1,0,0
上卜	1	1,0,0
忄亡	1	1,0,0
走己	1	1,0,0
己攵	1	1,0,0
忄生	1	1,0,0
匕二	1	0,1,0
足勹	1	1,0,0
目千	1	1,0,0
扌廴	1	1,0,0
夕卜	1	1,0,0
千丬	1	1,0,0
片斤	1	1,0,0
田刂	1	0,0,1
凵攵	1	1,0,0
宀子	1	1,0,0
月殳	1	1,0,0
广人	1	1,0,0
耳氏	1	1,0,0
⺮宀	1	1,0,0
木子	1	1,0,0
刂土	1	0,0,1
穴牙	1	1,0,0
走戈	1	1,0,0
戈乚	1	0,1,0
立卜	1	1,0,0
忄又	1	1,0,0
丿目	1	0,1,0
木夂	1	1,0,0
王刂	1	1,0,0
亻手	1	1,0,0
日⺈	1	1,0,0
一甲	1	0,1,0
大乂	1	1,0,0
行丶	1	1,0,0
犭勹	1	1,0,0
走刀	1	1,0,0
其月	1	1,0,0
礻申	1	1,0,0
丿厶	1	1,0,0
王寸	1	1,0,0
足牛	1	1,0,0
之又	1	1,0,0
氵酉	1	1,0,0
大長	1	1,0,0
土戊	1	1,0,0
王甲	1	1,0,0
艹爪	1	1,0,0
隹木	1	1,0,0
户方	1	1,0,0
石皮	1	1,0,0
十一	1	0,1,0
雨彐	1	1,0,0
鬼八	1	0,1,0
口戊	1	1,0,0
足氵	1	1,0,0
⺮户	1	1,0,0
石匚	1	1,0,0
扌殳	1	1,0,0
士示	1	1,0,0
示欠	1	0,1,0
酉己	1	1,0,0
幺氵	1	0,1,0
夂彡	1	0,0,1
因卜	1	0,1,0
目艮	1	1,0,0
冫人	1	1,0,0
氵斤	1	1,0,0
氵由	1	1,0,0
扌非	1	1,0,0
片鬼	1	1,0,0
田习	1	0,1,0
丷八	1	0,1,0
牛勹	1	1,0,0
匕月	1	0,1,0
用刀	1	0,1,0
宀至	1	1,0,0
广氏	1	1,0,0
矢一	1	1,0,0
火小	1	1,0,0
丷丨	1	1,0,0
而女	1	1,0,0
女且	1	1,0,0
十甫	1	1,0,0
丰絲	1	1,0,0
亡心	1	1,0,0
冫水	1	1,0,0
衤刀	1	1,0,0
扌由	1	1,0,0
二㇕	1	0,1,0
止⺈	1	0,1,0
八冫	1	0,0,1
穴乙	1	0,1,0
阝方	1	1,0,0
足匚	1	1,0,0
扌氵	1	1,0,0
米八	1	1,0,0
八戈	1	0,0,1
疒夂	1	1,0,0
禾且	1	1,0,0
犭丶	1	1,0,0
亻弓	1	1,0,0
舟几	1	1,0,0
宀木	1	1,0,0
犭子	1	1,0,0
月王	1	0,1,0
月之	1	1,0,0
八川	1	0,1,0
山㇕	1	0,1,0
立山	1	1,0,0
犭丰	1	1,0,0
亻尹	1	1,0,0
丰母	1	1,0,0
千臼	1	0,1,0
其土	1	1,0,0
因半	1	1,0,0
扌舟	1	1,0,0
土艹	1	1,0,0
人厶	1	0,1,0
乂巴	1	0,1,0
夂㐄	1	0,1,0
女生	1	1,0,0
米冫	1	1,0,0
爪巴	1	1,0,0
酉日	1	1,0,0
犭艮	1	1,0,0
米丰	1	1,0,0
疒臼	1	1,0,0
足釆	1	1,0,0
革土	1	1,0,0
丶攵	1	0,0,1
亻中	1	1,0,0
廿夕	1	0,1,0
雨足	1	1,0,0
冫弓	1	0,1,0
亠小	1	0,1,0
之户	1	1,0,0
氏一	1	1,0,0
口二	1	1,0,0
雨人	1	1,0,0
匕絲	1	0,1,0
革力	1	1,0,0
日子	1	0,1,0
礻土	1	1,0,0
彐刂	1	0,1,0
女丶	1	1,0,0
山几	1	0,1,0
目人	1	1,0,0
人日	1	0,1,0
牙隹	1	1,0,0
乚㇆	1	0,1,0
㇆皿	1	0,1,0
女㇆	1	1,0,0
艹彡	1	0,1,0
者灬	1	1,0,0
止虫	1	0,1,0
月巴	1	1,0,0
酉厶	1	1,0,0
戈爿	1	0,1,0
爿臣	1	0,0,1
石欠	1	1,0,0
土丷	1	1,0,0
又心	1	0,1,0
月西	1	1,0,0
四非	1	1,0,0
亻子	1	1,0,0
扌甲	1	1,0,0
而寸	1	1,0,0
女二	1	1,0,0
丿木	1	1,0,0
木丬	1	0,1,0
酉牛	1	1,0,0
一女	1	0,1,0
艹㇆	1	0,1,0
犭巳	1	1,0,0
禾勹	1	1,0,0
丿山	1	0,0,1
火矢	1	1,0,0
扌止	1	1,0,0
走卜	1	1,0,0
身几	1	1,0,0
舌甘	1	1,0,0
米且	1	1,0,0
口皿	1	0,0,1
之氵	1	1,0,0
丿艹	1	1,0,0
女氵	1	1,0,0
春水	1	1,0,0
目宀	1	1,0,0
土甲	1	1,0,0
田夂	1	1,0,0
扌丿	1	1,0,0
氵火	1	1,0,0
女刀	1	1,0,0
氵也	1	1,0,0
口卜	1	0,1,0
火心	1	0,1,0
卜心	1	0,1,0
氵王	1	1,0,0
㠯辛	1	0,0,1
日王	1	1,0,0
工攵	1	1,0,0
礻羊	1	1,0,0
石宀	1	1,0,0
亻廴	1	1,0,0
日廿	1	1,0,0
女土	1	1,0,0
尸雨	1	0,1,0
王牛	1	1,0,0
之禾	1	1,0,0
艹非	1	1,0,0
穴鬼	1	1,0,0
扌釆	1	1,0,0
山石	1	1,0,0
阝艮	1	1,0,0
舌㇕	1	0,1,0
阝勹	1	1,0,0
刂刀	1	0,0,1
禾亠	1	1,0,0
弋亠	1	0,1,0
走人	1	1,0,0
月乚	1	1,0,0
王木	1	1,0,0
氵几	1	1,0,0
亻白	1	1,0,0
禾丬	1	1,0,0
匕刂	1	0,0,1
土戈	1	1,0,0
礻且	1	1,0,0
阝亻	1	1,0,0
幺山	1	0,1,0
火甘	1	1,0,0
灬土	1	0,0,1
又女	1	0,1,0
雨辰	1	1,0,0
文一	1	1,0,0
西行	1	1,0,0
火者	1	1,0,0
木不	1	1,0,0
日丰	1	1,0,0
厶鬼	1	0,1,0
广廴	1	1,0,0
土方	1	1,0,0
日辰	1	1,0,0
扌辰	1	1,0,0
夂一	1	0,1,0
弓米	1	1,0,0
米弓	1	0,1,0
尸禾	1	0,1,0
氵骨	1	1,0,0
止攵	1	0,1,0
乂夕	1	0,1,0
冂刂	1	0,1,0
儿寸	1	0,0,1
身小	1	1,0,0
隹口	1	1,0,0
女氏	1	1,0,0
日氏	1	1,0,0
亻足	1	1,0,0
之氏	1	1,0,0
水三	1	0,1,0
之由	1	1,0,0
㇕一	1	0,1,0
冫土	1	1,0,0
矢其	1	0,1,0
口米	1	1,0,0
舌一	1	1,0,0
氵⺍	1	1,0,0
羊习	1	1,0,0
卜夕	1	1,0,0
夕又	1	0,1,0
又食	1	0,0,1
氵九	1	1,0,0
米卜	1	1,0,0
艹八	1	1,0,0
艮月	1	0,1,0
土者	1	1,0,0
禾厶	1	1,0,0
羊女	1	1,0,0
雨㇕	1	1,0,0
一彑	1	1,0,0
⺮䒑	1	1,0,0
月皿	1	0,1,0
米立	1	1,0,0
刀皿	1	0,1,0
白石	1	0,1,0
⺮三	1	1,0,0
舌刂	1	1,0,0
土申	1	1,0,0
习廿	1	0,1,0
斤口	1	0,1,0
因禾	1	0,1,0
半刂	1	1,0,0
亻甫	1	1,0,0
户月	1	1,0,0
九日	1	1,0,0
土皮	1	1,0,0
矢氏	1	0,1,0
扌十	1	1,0,0
禾夕	1	1,0,0
丘山	1	1,0,0
丁虫	1	0,0,1
木其	1	1,0,0
半手	1	1,0,0
艹行	1	1,0,0
行几	1	0,1,0
爪丿	1	0,1,0
目八	1	1,0,0
小大	1	1,0,0
酉廿	1	1,0,0
禾白	1	1,0,0
小毛	1	0,1,0
木氵	1	1,0,0
辛土	1	0,0,1
雨隹	1	1,0,0
虫工	1	1,0,0
半刀	1	1,0,0
亻且	1	1,0,0
冫匕	1	1,0,0
矢禾	1	1,0,0
皮女	1	0,1,0
巾白	1	1,0,0
木攵	1	1,0,0
厶习	1	0,1,0
幺㇆	1	1,0,0
衤彡	1	1,0,0
巾一	1	1,0,0
亻申	1	1,0,0
非心	1	1,0,0
彐㇆	1	0,1,0
㇆殳	1	0,0,1
文王	1	0,1,0
夗心	1	1,0,0
凡心	1	0,1,0
匕木	1	0,1,0
臣巳	1	1,0,0
巳灬	1	0,1,0
扌冫	1	1,0,0
月厶	1	1,0,0
冫隹	1	1,0,0
木手	1	0,0,1
丿艮	1	0,1,0
月几	1	1,0,0
石水	1	1,0,0
氵自	1	1,0,0
丨㇕	1	0,1,0
禾中	1	1,0,0
亻几	1	1,0,0
艹月	1	1,0,0
疒口	1	1,0,0
乂攵	1	0,0,1
扌者	1	1,0,0
犭亻	1	1,0,0
氵女	1	1,0,0
目丁	1	1,0,0
广又	1	1,0,0
刂木	1	0,1,0
月矢	1	1,0,0
用牛	1	0,1,0
牛虫	1	0,0,1
扌足	1	1,0,0
目爿	1	1,0,0
爿片	1	0,1,0
疒氏	1	1,0,0
行皮	1	1,0,0
己心	1	1,0,0
足水	1	1,0,0
水日	1	0,1,0
二大	1	0,1,0
川川	1	0,1,0
木灬	1	1,0,0
子亠	1	1,0,0
忄工	1	1,0,0
女己	1	1,0,0
亻雨	1	1,0,0
月穴	1	1,0,0
穴大	1	1,0,0
疒艮	1	1,0,0
艹雨	1	1,0,0
中甘	1	0,1,0
立豕	1	1,0,0
豕殳	1	0,1,0
弓亠	1	1,0,0
四卜	1	1,0,0
艹穴	1	1,0,0
忄廿	1	1,0,0
攵言	1	0,0,1
气羊	1	1,0,0
之豕	1	1,0,0
宀亻	1	1,0,0
夕亠	1	0,1,0
衤尹	1	1,0,0
虎彡	1	1,0,0
扌石	1	1,0,0
行彐	1	1,0,0
木牛	1	1,0,0
亻九	1	1,0,0
牛攵	1	1,0,0
白氏	1	1,0,0
氏㇕	1	0,1,0
㇕儿	1	0,0,1
禾乂	1	1,0,0
氵上	1	1,0,0
勹乚	1	0,1,0
止厶	1	0,1,0
女母	1	1,0,0
石山	1	1,0,0
米十	1	1,0,0
虫文	1	1,0,0
⺮冂	1	1,0,0
足八	1	1,0,0
攵絲	1	0,0,1
禾車	1	1,0,0
扌羊	1	1,0,0
之广	1	1,0,0
彐人	1	0,1,0
辛月	1	0,0,1
甫方	1	1,0,0
走耳	1	1,0,0
㇕木	1	0,0,1
山宀	1	1,0,0
衤八	1	1,0,0
丿子	1	0,1,0
扌其	1	1,0,0
巾凡	1	1,0,0
阝且	1	1,0,0
行走	1	1,0,0
舟臼	1	1,0,0
立丰	1	1,0,0
亡目	1	1,0,0
欠女	1	0,1,0
山工	1	0,1,0
犭瓜	1	1,0,0
土木	1	1,0,0
耳火	1	1,0,0
衤由	1	1,0,0
王冂	1	1,0,0
春虫	1	1,0,0
女大	1	1,0,0
止乚	1	0,1,0
艹牙	1	1,0,0
石鬼	1	1,0,0
爪艮	1	0,1,0
火夕	1	1,0,0
石米	1	1,0,0
行⺈	1	1,0,0
⺈田	1	0,1,0
目巳	1	1,0,0
了阝	1	0,0,1
足⺈	1	1,0,0
欠㇆	1	0,1,0
丨一	1	1,0,0
一㇆	1	0,1,0
土其	1	1,0,0
耳由	1	1,0,0
十刂	1	0,1,0
𧘇戈	1	0,0,1
月阝	1	0,1,0
之扌	1	1,0,0
气火	1	1,0,0
革宀	1	1,0,0
王心	1	0,1,0
扌禾	1	1,0,0
扌皮	1	1,0,0
丨攵	1	0,1,0
一匕	1	0,1,0
幺心	1	0,0,1
氵穴	1	1,0,0
丿口	1	1,0,0
女手	1	1,0,0
木癶	1	1,0,0
辛刂	1	1,0,0
刂辛	1	0,1,0
月鬼	1	1,0,0
三冂	1	0,1,0
辛刀	1	0,0,1
田半	1	1,0,0
豸勹	1	1,0,0
酉禾	1	1,0,0
土大	1	1,0,0
艹又	1	1,0,0
艹示	1	1,0,0
示示	1	0,1,0
丿隹	1	0,1,0
白牛	1	1,0,0
冖⺈	1	1,0,0
氵扌	1	1,0,0
匕廿	1	0,1,0
亠彡	1	0,1,0
斤言	1	0,1,0
虫夂	1	1,0,0
之乙	1	1,0,0
匚儿	1	1,0,0
彐攵	1	0,1,0
羊㇕	1	1,0,0
女臼	1	1,0,0
目立	1	1,0,0
扌弓	1	1,0,0
氵气	1	1,0,0
八忄	1	0,1,0
攵艹	1	0,0,1
气彐	1	1,0,0
尸者	1	1,0,0
⺮由	1	1,0,0
气宀	1	1,0,0
忄四	1	1,0,0
艹癶	1	1,0,0
用冂	1	0,1,0
又习	1	0,1,0
辛瓜	1	1,0,0
瓜辛	1	0,1,0
之巛	1	1,0,0
山絲	1	0,1,0
匚非	1	1,0,0
足癶	1	1,0,0
冖毛	1	0,0,1
之彐	1	1,0,0
米子	1	1,0,0
月木	1	1,0,0
目丿	1	1,0,0
行斤	1	1,0,0
廿殳	1	0,1,0
殳月	1	0,0,1
二丶	1	0,1,0
鬼二	1	1,0,0
匕隹	1	0,1,0
手八	1	1,0,0
艹夫	1	1,0,0
人亠	1	1,0,0
月白	1	1,0,0
其欠	1	1,0,0
長彐	1	1,0,0
冫厶	1	1,0,0
白宀	1	1,0,0
米羊	1	1,0,0
土止	1	1,0,0
目禾	1	1,0,0
广丶	1	1,0,0
尸小	1	1,0,0
山甘	1	1,0,0
甘欠	1	0,1,0
衤勹	1	1,0,0
宀上	1	1,0,0
禾丁	1	1,0,0
虫田	1	1,0,0
忄丿	1	1,0,0
阝走	1	1,0,0
矢匚	1	1,0,0
礻㇆	1	1,0,0
山厶	1	1,0,0
爪四	1	1,0,0
四艮	1	0,1,0
禾彐	1	1,0,0
行殳	1	1,0,0
宀火	1	1,0,0
骨之	1	1,0,0
鬼冫	1	1,0,0
弓土	1	1,0,0
火因	1	1,0,0
舟廴	1	1,0,0
火穴	1	1,0,0
艹斤	1	1,0,0
宀石	1	1,0,0
石八	1	0,1,0
爪夕	1	0,1,0
彐月	1	0,1,0
土丿	1	1,0,0
虫手	1	1,0,0
寸心	1	0,0,1
行氵	1	1,0,0
丿力	1	0,1,0
礻斤	1	1,0,0
白鬼	1	1,0,0
乂斤	1	0,1,0
⺮方	1	1,0,0
石七	1	1,0,0
目米	1	1,0,0
匚斤	1	1,0,0
月寸	1	1,0,0
穴九	1	1,0,0
木耳	1	1,0,0
雨小	1	1,0,0
西米	1	1,0,0
土匚	1	1,0,0
灬羊	1	0,1,0
亻刂	1	0,0,1
弓瓜	1	1,0,0
虫人	1	1,0,0
白七	1	1,0,0
工水	1	1,0,0
艹巴	1	1,0,0
木上	1	1,0,0
疒巴	1	1,0,0
七木	1	0,1,0
⺮匚	1	1,0,0
忄鬼	1	1,0,0
扌凵	1	1,0,0
勹田	1	1,0,0
亠中	1	1,0,0
中𧘇	1	0,1,0
臼田	1	1,0,0
目者	1	1,0,0
疒皮	1	1,0,0
衤之	1	1,0,0
革勹	1	1,0,0
十彡	1	0,0,1
酉⺍	1	1,0,0
目丰	1	1,0,0
穴尸	1	1,0,0
月田	1	1,0,0
木王	1	1,0,0
⺮生	1	1,0,0
犭土	1	1,0,0
扌毛	1	1,0,0
山禾	1	1,0,0
攵手	1	0,0,1
革巴	1	1,0,0
月不	1	1,0,0
木厶	1	1,0,0
八一	1	0,1,0
户攵	1	1,0,0
攵彐	1	0,1,0
日㇕	1	1,0,0
乂阝	1	0,0,1
刂牛	1	0,1,0
木火	1	0,1,0
丿辛	1	0,1,0
辛子	1	0,0,1
示瓜	1	0,1,0
女方	1	1,0,0
王皮	1	1,0,0
了灬	1	0,0,1
扌舌	1	1,0,0
忄舌	1	1,0,0
亻火	1	1,0,0
足口	1	1,0,0
匚甲	1	1,0,0
阝小	1	1,0,0
小日	1	0,1,0
扌弋	1	1,0,0
二丨	1	0,1,0
石尸	1	1,0,0
二立	1	0,1,0
石隹	1	1,0,0
衤木	1	1,0,0
米之	1	1,0,0
火皿	1	0,1,0
大者	1	1,0,0
尤人	1	1,0,0
足止	1	1,0,0
忄卜	1	1,0,0
忄戊	1	1,0,0
禾隹	1	1,0,0
火廿	1	1,0,0
火自	1	1,0,0
扌幺	1	1,0,0
毛火	1	1,0,0
儿力	1	0,0,1
女户	1	1,0,0
日者	1	1,0,0
疒殳	1	1,0,0
彐八	1	0,1,0
木立	1	1,0,0
丰人	1	0,1,0
月丶	1	1,0,0
穴巾	1	1,0,0
刀山	1	0,1,0
弓也	1	1,0,0
禾心	1	1,0,0
扌戊	1	1,0,0
止十	1	1,0,0
石⺈	1	1,0,0
半斤	1	1,0,0
乚力	1	0,1,0
月工	1	1,0,0
艹水	1	1,0,0
米雨	1	1,0,0
几白	1	1,0,0
因七	1	1,0,0
木非	1	0,0,1
足几	1	1,0,0
因甫	1	1,0,0
疒力	1	1,0,0
力人	1	0,1,0
王豕	1	1,0,0
冂木	1	0,1,0
礻巳	1	1,0,0
艹耳	1	1,0,0
小巴	1	0,1,0
足广	1	1,0,0
舟宀	1	1,0,0
忄⺈	1	1,0,0
宀臣	1	1,0,0
匚户	1	1,0,0
疒田	1	1,0,0
山矢	1	1,0,0
丶火	1	0,1,0
火匚	1	1,0,0
之口	1	1,0,0
⺮廿	1	1,0,0
穴尹	1	1,0,0
八攵	1	0,0,1
乚冫	1	0,1,0
半目	1	1,0,0
⺮忄	1	1,0,0
火欠	1	1,0,0
氵丷	1	1,0,0
羊人	1	1,0,0
十子	1	0,1,0
土虎	1	1,0,0
月士	1	1,0,0
酉勹	1	1,0,0
夕十	1	0,1,0
目匚	1	1,0,0
禾宀	1	1,0,0
米亠	1	1,0,0
衤土	1	1,0,0
广亠	1	1,0,0
月豕	1	1,0,0
土几	1	1,0,0
扌雨	1	1,0,0
口其	1	1,0,0
八习	1	0,1,0
⺮之	1	1,0,0
耳人	1	1,0,0
石彐	1	1,0,0
石丁	1	1,0,0
禾尤	1	1,0,0
尤匕	1	0,1,0
行止	1	1,0,0
扌母	1	1,0,0
山手	1	1,0,0
丿乚	1	0,1,0
乚亻	1	0,0,1
行工	1	1,0,0
酉甘	1	1,0,0
广匕	1	1,0,0
虫白	1	1,0,0
口艮	1	1,0,0
丘丿	1	1,0,0
八米	1	0,0,1
禾牛	1	1,0,0
虫牛	1	1,0,0
女疒	1	1,0,0
口甫	1	1,0,0
且十	1	0,1,0
酉夂	1	1,0,0
王鬼	1	1,0,0
氵乙	1	1,0,0
㇕厶	1	0,1,0
扌丶	1	1,0,0
文口	1	1,0,0
行因	1	1,0,0
月生	1	1,0,0
女者	1	1,0,0
土丁	1	1,0,0
山小	1	1,0,0
刀心	1	0,1,0
丿爪	1	0,1,0
文絲	1	1,0,0
巾隹	1	1,0,0
其冖	1	1,0,0
舟白	1	1,0,0
夕冂	1	0,1,0
阝䒑	1	1,0,0
亻爪	1	1,0,0
日自	1	1,0,0
目一	1	1,0,0
穴至	1	1,0,0
千四	1	1,0,0
亡巳	1	1,0,0
忄冖	1	1,0,0
女自	1	1,0,0
𧘇瓜	1	0,0,1
冂习	1	0,1,0
山示	1	0,1,0
牛生	1	1,0,0
亻用	1	1,0,0
足皮	1	1,0,0
目七	1	1,0,0
丘丶	1	1,0,0
犭亠	1	1,0,0
立厶	1	1,0,0
月方	1	1,0,0
禾士	1	1,0,0
山尸	1	1,0,0
艹豸	1	1,0,0
酉者	1	1,0,0
口千	1	1,0,0
王巛	1	1,0,0
之舌	1	1,0,0
宀习	1	1,0,0
之矢	1	1,0,0
月口	1	1,0,0
忄雨	1	1,0,0
氵手	1	1,0,0
穴阝	1	1,0,0
气八	1	1,0,0
月廿	1	1,0,0
氵且	1	1,0,0
忄自	1	1,0,0
辰口	1	1,0,0
冫口	1	1,0,0
氵艮	1	1,0,0
虫弓	1	1,0,0
豸寸	1	1,0,0
艹凵	1	1,0,0
虫冫	1	1,0,0
衤辰	1	1,0,0
行非	1	1,0,0
雨勹	1	1,0,0
木女	1	0,1,0
山夂	1	1,0,0
日申	1	1,0,0
口言	1	1,0,0
生田	1	1,0,0
雨尸	1	1,0,0
雨立	1	1,0,0
其皮	1	0,1,0
忄宀	1	1,0,0
虫丘	1	1,0,0
虫雨	1	1,0,0
之刀	1	1,0,0
月夂	1	1,0,0
犭骨	1	1,0,0
冫中	1	1,0,0
王卜	1	1,0,0
士几	1	0,0,1
虫禾	1	1,0,0
酉乂	1	1,0,0
虫釆	1	1,0,0
戈刂	1	1,0,0
虫户	1	1,0,0
犭者	1	1,0,0
木几	1	1,0,0
厶土	1	0,0,1
走一	1	1,0,0
口斤	1	1,0,0
犭廿	1	1,0,0
禾又	1	0,1,0
厶𧘇	1	0,0,1
因王	1	1,0,0
隹㇆	1	0,1,0
⺮尹	1	1,0,0
冫㇕	1	1,0,0
氵夫	1	1,0,0
衤一	1	1,0,0
巳艹	1	1,0,0
艹户	1	1,0,0
石戊	1	1,0,0
由阝	1	1,0,0
亻尤	1	1,0,0
犭尤	1	1,0,0
冫春	1	1,0,0
火虫	1	1,0,0
羊冫	1	1,0,0
火丁	1	1,0,0
木厂	1	1,0,0
冫戊	1	1,0,0
耳止	1	1,0,0
尸由	1	1,0,0
厂木	1	1,0,0
忄尤	1	1,0,0
又冖	1	0,1,0
因二	1	1,0,0
彐寸	1	1,0,0
又阝	1	1,0,0
用虫	1	0,1,0
丿巾	1	1,0,0
彐火	1	1,0,0
艹虫	1	1,0,0
忄不	1	1,0,0
舌攵	1	1,0,0
土㇕	1	1,0,0
王見	1	1,0,0
人丨	1	1,0,0
言丷	1	1,0,0
氵殳	1	1,0,0
之文	1	1,0,0
耳䒑	1	1,0,0
阝巾	1	0,1,0
木廿	1	1,0,0
巳頁	1	0,1,0
斤日	1	0,1,0
車九	1	1,0,0
車欠	1	1,0,0
丨日	1	1,0,0
貝攵	1	1,0,0
貝斤	1	1,0,0
貝立	1	1,0,0
禾丷	1	1,0,0
川頁	1	1,0,0
亻門	1	1,0,0
金卜	1	1,0,0
月長	1	1,0,0
月弋	1	1,0,0
犭虫	1	1,0,0
月中	1	1,0,0
几乂	1	1,0,0
月丷	1	1,0,0
言二	1	1,0,0
言上	1	1,0,0
言殳	1	1,0,0
八又	1	0,0,1
門耳	1	1,0,0
門寸	1	1,0,0
广⺍	1	1,0,0
疒了	1	1,0,0
广乚	1	1,0,0
火七	1	1,0,0
米丶	1	1,0,0
氵乚	1	1,0,0
衤卜	1	1,0,0
宀冫	1	1,0,0
尸二	1	1,0,0
皮頁	1	1,0,0
又見	1	1,0,0
川貝	1	0,1,0
弓丷	1	1,0,0
絲十	1	1,0,0
絲且	1	1,0,0
絲户	1	1,0,0
大虫	1	0,1,0
丁頁	1	1,0,0
止鳥	1	0,0,1
业丿	1	0,1,0
业心	1	0,1,0
一田	1	1,0,0
田凵	1	0,1,0
夕千	1	0,1,0
十因	1	0,1,0
卜皿	1	0,1,0
土貝	1	1,0,0
走乂	1	1,0,0
走⺈	1	1,0,0
土文	1	1,0,0
冖业	1	0,1,0
王不	1	1,0,0
丰⺈	1	1,0,0
耳丷	1	1,0,0
彡丘	1	0,1,0
王馬	1	1,0,0
扌龍	1	1,0,0
扌七	1	1,0,0
扌九	1	1,0,0
九力	1	0,1,0
扌文	1	1,0,0
之寸	1	1,0,0
扌米	1	1,0,0
扌⺍	1	1,0,0
扌冂	1	1,0,0
土車	1	1,0,0
車戈	1	0,1,0
艹言	1	1,0,0
艹丬	1	1,0,0
十丷	1	1,0,0
丷展	1	0,1,0
冖火	1	0,1,0
艹乙	1	1,0,0
絲日	1	0,1,0
示風	1	0,1,0
木七	1	1,0,0
冂冫	1	0,1,0
雨矢	1	1,0,0
木風	1	1,0,0
酉丶	1	1,0,0
厂丁	1	1,0,0
土丶	1	0,1,0
石二	1	1,0,0
大寸	1	1,0,0
石頁	1	1,0,0
厂大	1	1,0,0
之不	1	1,0,0
石日	1	1,0,0
厂貝	1	1,0,0
石見	1	1,0,0
龍土	1	1,0,0
龍亠	1	1,0,0
大冖	1	1,0,0
石馬	1	1,0,0
石凵	1	1,0,0
車二	1	1,0,0
車乚	1	1,0,0
車甫	1	1,0,0
臣卜	1	1,0,0
車口	1	1,0,0
車由	1	1,0,0
乂殳	1	0,1,0
牙鳥	1	1,0,0
車宀	1	1,0,0
車㇕	1	1,0,0
車尸	1	1,0,0
因乂	1	0,1,0
齒人	1	1,0,0
尸頁	1	0,1,0
虫馬	1	1,0,0
虎力	1	1,0,0
因工	1	1,0,0
因寸	1	1,0,0
口龍	1	1,0,0
足丿	1	1,0,0
因夂	1	1,0,0
止頁	1	0,0,1
田丰	1	1,0,0
木頁	1	0,1,0
日西	1	1,0,0
尤冖	1	0,1,0
非車	1	1,0,0
甲鳥	1	1,0,0
刂巾	1	1,0,0
⺮日	1	0,1,0
⺮金	1	0,1,0
小土	1	1,0,0
半凵	1	0,1,0
日冖	1	1,0,0
刂彐	1	1,0,0
又立	1	0,1,0
申㇆	1	1,0,0
貝一	1	1,0,0
山二	1	1,0,0
巾長	1	1,0,0
貝長	1	1,0,0
貝寸	1	1,0,0
貝十	1	1,0,0
貝大	1	1,0,0
大鳥	1	0,1,0
山車	1	1,0,0
貝卜	1	1,0,0
貝日	1	1,0,0
貝者	1	1,0,0
貝夂	1	1,0,0
貝勹	1	1,0,0
四言	1	1,0,0
言刂	1	0,1,0
貝广	1	1,0,0
貝丷	1	1,0,0
貝䒑	1	1,0,0
己几	1	0,1,0
丿土	1	1,0,0
⺮丰	1	1,0,0
之千	1	1,0,0
⺮龍	1	1,0,0
毛卜	1	1,0,0
舌乚	1	1,0,0
⺮毛	1	1,0,0
几頁	1	0,1,0
儿儿	1	0,1,0
戈鳥	1	0,1,0
舌辛	1	1,0,0
⺮門	1	1,0,0
⺮米	1	1,0,0
气㇕	1	1,0,0
鬼米	1	1,0,0
米了	1	0,1,0
弋貝	1	0,1,0
臼車	1	1,0,0
車八	1	0,1,0
亻貝	1	1,0,0
士貝	1	0,0,1
亻乙	1	1,0,0
⺍刂	1	0,0,1
⺍攵	1	0,0,1
食耳	1	1,0,0
食艹	1	1,0,0
行七	1	1,0,0
行金	1	1,0,0
食中	1	1,0,0
食手	1	1,0,0
矢巾	1	0,1,0
人耳	1	0,1,0
食斤	1	1,0,0
食爪	1	1,0,0
食几	1	1,0,0
食欠	1	1,0,0
食氏	1	1,0,0
食勹	1	1,0,0
㇕貝	1	0,0,1
人䒑	1	1,0,0
䒑丨	1	0,1,0
食䒑	1	1,0,0
之阝	1	0,1,0
食宀	1	1,0,0
食虫	1	1,0,0
食㇆	1	1,0,0
刀頁	1	0,1,0
厶頁	1	0,1,0
金丁	1	1,0,0
金者	1	1,0,0
金甘	1	1,0,0
金廿	1	1,0,0
金甫	1	1,0,0
金之	1	1,0,0
金中	1	1,0,0
舟皿	1	1,0,0
舟見	1	1,0,0
金且	1	1,0,0
金亻	1	1,0,0
金隹	1	1,0,0
金几	1	1,0,0
金月	1	1,0,0
金夕	1	1,0,0
金欠	1	1,0,0
金辛	1	1,0,0
冖大	1	0,1,0
釆又	1	1,0,0
金尸	1	1,0,0
金艮	1	1,0,0
金子	1	1,0,0
金廴	1	1,0,0
月二	1	1,0,0
犭二	1	1,0,0
月龍	1	1,0,0
犭貝	1	1,0,0
犭⺈	1	1,0,0
犭言	1	1,0,0
月文	1	1,0,0
半馬	1	0,1,0
月冖	1	1,0,0
魚者	1	1,0,0
魚甲	1	1,0,0
⺈日	1	1,0,0
匕禾	1	1,0,0
禾頁	1	0,1,0
魚勹	1	1,0,0
魚米	1	1,0,0
鳥宀	1	1,0,0
彐隹	1	0,1,0
彐皮	1	0,1,0
魚艮	1	1,0,0
夗鳥	1	1,0,0
言土	1	1,0,0
言丰	1	1,0,0
言寸	1	1,0,0
言西	1	1,0,0
文而	1	1,0,0
言弋	1	1,0,0
言戈	1	1,0,0
言牙	1	1,0,0
言戊	1	1,0,0
一頁	1	0,0,1
貝凡	1	0,0,1
言非	1	1,0,0
八虫	1	0,0,1
言田	1	1,0,0
言舌	1	1,0,0
言川	1	1,0,0
言隹	1	1,0,0
言爪	1	1,0,0
言几	1	1,0,0
言風	1	1,0,0
言勹	1	1,0,0
言辛	1	0,1,0
言方	1	1,0,0
言㇕	1	1,0,0
言㇆	1	1,0,0
言乙	1	1,0,0
言廴	1	1,0,0
言己	1	1,0,0
辛絲	1	1,0,0
絲辛	1	0,1,0
广龍	1	1,0,0
丬大	1	1,0,0
冫七	1	1,0,0
門甲	1	1,0,0
門虫	1	1,0,0
門馬	1	1,0,0
門亻	1	1,0,0
疒亻	1	1,0,0
疒自	1	1,0,0
自人	1	0,1,0
疒風	1	1,0,0
夕木	1	0,1,0
夕水	1	0,1,0
欠貝	1	0,1,0
門⺈	1	1,0,0
疒魚	1	1,0,0
冫⺈	1	1,0,0
門氵	1	1,0,0
广户	1	1,0,0
疒阝	1	1,0,0
阝彐	1	0,1,0
丬女	1	1,0,0
火戈	1	1,0,0
忄車	1	1,0,0
丷田	1	1,0,0
火山	1	1,0,0
忄且	1	1,0,0
羊川	1	1,0,0
火氏	1	1,0,0
忄門	1	1,0,0
忄乙	1	1,0,0
忄母	1	1,0,0
工鳥	1	0,1,0
艹川	1	0,1,0
氵車	1	1,0,0
氵虫	1	1,0,0
氵川	1	1,0,0
川米	1	0,1,0
氵魚	1	1,0,0
丶止	1	0,0,1
穴二	1	1,0,0
人見	1	0,0,1
礻丰	1	1,0,0
八貝	1	0,0,1
宀龍	1	1,0,0
穴七	1	1,0,0
礻見	1	1,0,0
衤丿	1	1,0,0
穴力	1	1,0,0
之爪	1	1,0,0
礻乚	1	1,0,0
衤广	1	1,0,0
礻丷	1	1,0,0
之了	1	1,0,0
馬耳	1	1,0,0
又戈	1	1,0,0
馬口	1	1,0,0
馬田	1	1,0,0
尸丿	1	1,0,0
馬川	1	1,0,0
馬乂	1	1,0,0
馬勹	1	1,0,0
馬夂	1	1,0,0
又欠	1	1,0,0
又鳥	1	1,0,0
馬丶	1	1,0,0
丶日	1	0,1,0
丶冫	1	0,1,0
馬亠	1	1,0,0
馬宀	1	1,0,0
丨頁	1	0,0,1
又艮	1	1,0,0
馬也	1	1,0,0
馬厶	1	1,0,0
阝示	1	1,0,0
阝車	1	1,0,0
阝七	1	1,0,0
弓⺈	1	1,0,0
巳寸	1	1,0,0
絲者	1	1,0,0
絲甫	1	1,0,0
大三	1	0,1,0
絲石	1	1,0,0
絲卜	1	1,0,0
絲小	1	1,0,0
女馬	1	1,0,0
絲禾	1	1,0,0
絲亻	1	1,0,0
絲八	1	1,0,0
絲月	1	1,0,0
絲氏	1	1,0,0
絲⺈	1	1,0,0
絲文	1	1,0,0
絲方	1	1,0,0
广甲	1	0,1,0
絲半	1	1,0,0
絲之	1	1,0,0
絲㇆	1	1,0,0
絲己	1	1,0,0
㇆刀	1	0,1,0
攵貝	1	0,0,1
丰夂	1	1,0,0
王小	1	1,0,0
人車	1	0,0,1
扌刂	1	1,0,0
扌鳥	1	1,0,0
日鳥	1	0,1,0
酉二	1	1,0,0
木貝	1	1,0,0
木亻	1	1,0,0
木䒑	1	1,0,0
雨夂	1	1,0,0
龍耳	1	1,0,0
石凡	1	1,0,0
尤刂	1	1,0,0
乂欠	1	0,1,0
乂鳥	1	0,1,0
頁口	1	0,0,1
貝力	1	0,1,0
口烏	1	1,0,0
攵魚	1	0,0,1
目二	1	1,0,0
山冂	1	1,0,0
貝丿	1	1,0,0
貝⺈	1	1,0,0
貝厶	1	1,0,0
牛西	1	1,0,0
禾山	1	1,0,0
皿半	1	0,1,0
行㇕	1	1,0,0
食亠	1	1,0,0
金一	1	1,0,0
金艹	1	1,0,0
金七	1	1,0,0
金甲	1	1,0,0
爪見	1	1,0,0
金㇕	1	1,0,0
几又	1	1,0,0
犭刂	1	1,0,0
月㇆	1	1,0,0
魚口	1	1,0,0
匕夕	1	0,1,0
八山	1	0,0,1
八心	1	0,0,1
言身	1	1,0,0
言亻	1	1,0,0
言习	1	1,0,0
疒匚	1	1,0,0
夕酉	1	0,1,0
羊皿	1	1,0,0
米廿	1	1,0,0
火䒑	1	1,0,0
氵刂	1	1,0,0
丿魚	1	0,0,1
冖乚	1	0,1,0
宀丬	1	1,0,0
丬冖	1	0,1,0
礻彐	1	1,0,0
衤寸	1	1,0,0
㇆丨	1	0,1,0
丨丶	1	0,0,1
阝口	1	1,0,0
絲三	1	1,0,0
絲申	1	1,0,0
絲刂	1	1,0,0
氵力	1	1,0,0
羊寸	1	0,1,0
亻因	1	1,0,0
一四	1	0,1,0
一丨	1	0,1,0
之言	1	1,0,0
行幺	1	1,0,0
幺夂	1	0,1,0
之咼	1	1,0,0
了虎	1	0,1,0
宀臼	1	1,0,0
臼勹	1	0,1,0
山刂	1	0,0,1
冖心	1	0,1,0
耳王	1	1,0,0
王一	1	0,1,0
土白	1	0,1,0
乂子	1	0,0,1
絲鬼	1	1,0,0
之隹	1	1,0,0
木殳	1	0,1,0
䒑頁	1	0,0,1
隹心	1	0,0,1
厶虫	1	0,1,0
丶頁	1	0,0,1
辛力	1	1,0,0
力辛	1	0,1,0
亻䒑	1	1,0,0
丁冂	1	1,0,0
廿一	1	1,0,0
豕者	1	1,0,0
亻車	1	1,0,0
之自	1	1,0,0
自穴	1	0,1,0
穴方	1	0,0,1
爪冂	1	0,1,0
虎夂	1	1,0,0
夂几	1	0,1,0
之巳	1	1,0,0
阝木	1	1,0,0
木數	1	1,0,0
又乚	1	0,0,1
門幺	1	1,0,0
冫乙	1	0,1,0
丶金	1	0,1,0
禾千	1	1,0,0
半冂	1	0,1,0
衤甲	1	1,0,0
殳皿	1	0,1,0
冖至	1	0,0,1
因戈	1	1,0,0
止戊	1	1,0,0
乂厶	1	0,1,0
二田	1	0,1,0
四冖	1	0,1,0
絲虫	1	0,0,1
四馬	1	1,0,0
隹隹	1	1,0,0
豸艹	1	1,0,0
艹臣	1	1,0,0
殳耳	1	0,0,1
雨二	1	1,0,0
衤甫	1	1,0,0
因車	1	1,0,0
雨日	1	1,0,0
艹廿	1	1,0,0
尸丷	1	1,0,0
㠯巾	1	0,1,0
广小	1	1,0,0
自丿	1	1,0,0
丿釆	1	0,1,0
釆大	1	0,0,1
亻西	1	1,0,0
山貝	1	0,0,1
骨日	1	1,0,0
矢勹	1	0,1,0
王厶	1	1,0,0
业丷	1	1,0,0
丷三	1	0,1,0
隹臼	1	0,1,0
言癶	1	1,0,0
土王	1	0,1,0
王戈	1	0,0,1
㠯一	1	0,1,0
月爪	1	0,1,0
虎隹	1	1,0,0
隹一	1	0,1,0
了又	1	0,1,0
彐一	1	1,0,0
彡又	1	0,1,0
䒑戈	1	0,0,1
火癶	1	1,0,0
水勹	1	0,1,0
穴身	1	1,0,0
行千	1	1,0,0
丶土	1	0,0,1
丷氏	1	0,1,0
虫隹	1	0,1,0
因土	1	1,0,0
火西	1	1,0,0
㠯冖	1	0,1,0
雨口	1	1,0,0
走日	1	1,0,0
半力	1	0,1,0
心皿	1	0,1,0
隹見	1	0,0,1
巾亠	1	0,1,0
食人	1	1,0,0
見丶	1	0,0,1
爿大	1	1,0,0
門月	1	1,0,0
耳幺	1	1,0,0
宀母	1	1,0,0
王四	1	1,0,0
隹頁	1	0,1,0
之冖	1	1,0,0
尤力	1	0,1,0
馬心	1	0,1,0
爿土	1	1,0,0
口數	1	1,0,0
金彑	1	1,0,0
食田	1	1,0,0
禾八	1	1,0,0
絲幺	1	1,0,0
厂生	1	0,1,0
之方	1	1,0,0
亻韋	1	1,0,0
䒑阝	1	0,0,1
丶立	1	0,1,0
爿寸	1	0,1,0
攵巾	1	0,0,1
刀巴	1	0,1,0
尸土	1	1,0,0
土凵	1	0,1,0
广耳	1	1,0,0
耳一	1	0,1,0
豕刂	1	0,1,0
彐工	1	1,0,0
工口	1	0,1,0
日幺	1	1,0,0
幺灬	1	0,1,0
灬頁	1	0,0,1
四匕	1	0,1,0
行木	1	1,0,0
礻日	1	1,0,0
一鳥	1	0,1,0
矢乂	1	0,1,0
乂皿	1	0,0,1
穴咼	1	1,0,0
鹿㇕	1	1,0,0
行韋	1	1,0,0
隹力	1	0,0,1
貝甘	1	1,0,0
自寸	1	0,0,1
言丿	1	1,0,0
阝丿	1	0,1,0
金木	1	1,0,0
斤斤	1	1,0,0
斤貝	1	0,1,0
大冂	1	0,1,0
金咼	1	1,0,0
氵甘	1	1,0,0
氵春	1	1,0,0
广癶	1	1,0,0
石車	1	1,0,0
廿丿	1	0,1,0
丿用	1	0,0,1
一幺	1	0,1,0
幺土	1	0,0,1
匚氵	1	1,0,0
二夕	1	0,1,0
士日	1	0,1,0
因韋	1	1,0,0
虫㇕	1	1,0,0
几殳	1	0,0,1
不皿	1	1,0,0
山王	1	0,1,0
七日	1	0,1,0
鹿土	1	1,0,0
广习	1	1,0,0
矢殳	1	0,1,0
殳酉	1	0,0,1
丘阝	1	1,0,0
月习	1	1,0,0
牛也	1	1,0,0
扌火	1	1,0,0
火扌	1	0,1,0
扌力	1	0,0,1
乂耳	1	0,1,0
雨又	1	1,0,0
又夂	1	0,1,0
隹欠	1	0,0,1
口氵	1	1,0,0
禾丰	1	1,0,0
丰厶	1	0,1,0
凵阝	1	0,0,1
四厶	1	1,0,0
厶匕	1	0,1,0
阝爪	1	1,0,0
扌业	1	1,0,0
田⺈	1	0,1,0
殳手	1	0,0,1
刀絲	1	0,0,1
言四	1	1,0,0
木丁	1	1,0,0
馬虎	1	1,0,0
艹木	1	1,0,0
凵儿	1	0,1,0
甲艹	1	1,0,0
隹寸	1	0,1,0
齒勹	1	1,0,0
耳立	1	1,0,0
匚一	1	0,1,0
广十	1	1,0,0
女臣	1	1,0,0
丿黽	1	1,0,0
士㇕	1	1,0,0
厶日	1	0,0,1
火虎	1	1,0,0
又辛	1	0,0,1
八了	1	1,0,0
月斤	1	1,0,0
小匕	1	0,1,0
一月	1	0,1,0
臼土	1	1,0,0
土殳	1	0,1,0
忄八	1	1,0,0
艹幺	1	1,0,0
幺冖	1	0,1,0
冫木	1	1,0,0
衤矢	1	1,0,0
米日	1	1,0,0
日甲	1	0,1,0
乚絲	1	0,1,0
厶廿	1	0,1,0
廿木	1	0,0,1
辰月	1	1,0,0
白心	1	0,1,0
王其	1	1,0,0
石冖	1	1,0,0
⺈目	1	0,1,0
目夂	1	0,0,1
骨艹	1	1,0,0
艹匕	1	0,1,0
鬼釆	1	1,0,0
釆了	1	0,1,0
爿女	1	1,0,0
亻臼	1	1,0,0
㇕夂	1	0,1,0
雨文	1	1,0,0
寸酉	1	0,0,1
匕心	1	0,0,1
龍廿	1	1,0,0
月千	1	1,0,0
絲行	1	1,0,0
小絲	1	0,1,0
犭丷	1	1,0,0
殳絲	1	0,0,1
西大	1	0,1,0
礻咼	1	1,0,0
川小	1	0,0,1
田冖	1	0,1,0
之夕	1	1,0,0
牛氏	1	1,0,0
月䒑	1	1,0,0
食土	1	1,0,0
土雨	1	1,0,0
絲广	1	1,0,0
广八	1	0,1,0
耳鬼	1	1,0,0
金八	1	1,0,0
土习	1	0,1,0
非亠	1	1,0,0
亻者	1	1,0,0
王夕	1	1,0,0
臣人	1	1,0,0
足习	1	1,0,0
⺮車	1	1,0,0
車巳	1	0,1,0
米田	1	1,0,0
山風	1	1,0,0
門八	1	1,0,0
絲黽	1	1,0,0
舟臣	1	1,0,0
⺮士	1	1,0,0
走勹	1	1,0,0
勹勹	1	0,1,0
釆四	1	1,0,0
寸水	1	0,0,1
尸一	1	1,0,0
巛火	1	1,0,0
申日	1	1,0,0
㐄阝	1	0,0,1
扌木	1	1,0,0
絲立	1	1,0,0
穴臼	1	1,0,0
豕土	1	0,0,1
凵皮	1	0,0,1
穴羊	1	1,0,0
羊耳	1	0,1,0
尸數	1	1,0,0
扌臣	1	1,0,0
刀止	1	0,1,0
宀勹	1	0,1,0
又口	1	0,1,0
礻彑	1	1,0,0
酉鬼	1	1,0,0
丰四	1	0,1,0
四心	1	0,0,1
阝夗	1	1,0,0
犭丿	1	1,0,0
气一	1	1,0,0
穴士	1	1,0,0
虎口	1	1,0,0
凡木	1	0,0,1
⺮臣	1	1,0,0
冖人	1	0,1,0
人目	1	0,0,1
厂八	1	0,1,0
口川	1	0,1,0
女爪	1	1,0,0
山灬	1	0,1,0
灬攵	1	0,0,1
忄米	1	1,0,0
礻心	1	1,0,0
氵片	1	1,0,0
火卜	1	1,0,0
又米	1	0,0,1
人欠	1	0,1,0
金士	1	1,0,0
气弓	1	1,0,0
耳心	1	1,0,0
日羊	1	1,0,0
礻阝	1	1,0,0
虫巛	1	1,0,0
子丸	1	0,0,1
口展	1	0,0,1
彡皿	1	0,0,1
金羊	1	1,0,0
行矢	1	1,0,0
氵臣	1	1,0,0
⺮广	1	1,0,0
目廿	1	1,0,0
木辛	1	1,0,0
禾攵	1	0,1,0
弓丁	1	1,0,0
犭巛	1	1,0,0
火一	1	1,0,0
臣頁	1	1,0,0
广士	1	1,0,0
彡八	1	0,1,0
行方	1	1,0,0
爿冖	1	0,1,0
广一	1	1,0,0
艹夕	1	1,0,0
衤立	1	1,0,0
亻力	1	1,0,0
疒士	1	1,0,0
勹二	1	1,0,0
穴白	1	1,0,0
絲韋	1	1,0,0
絲习	1	1,0,0
艹丰	1	1,0,0
金自	1	1,0,0
非文	1	1,0,0
彑冖	1	1,0,0
艹酉	1	1,0,0
酉隹	1	0,1,0
口不	1	1,0,0
儿幺	1	1,0,0
幺月	1	0,1,0
足行	1	1,0,0
木二	1	1,0,0
四亻	1	1,0,0
至春	1	1,0,0
目氵	1	1,0,0
酉广	1	1,0,0
日宀	1	1,0,0
金宀	1	1,0,0
艹虎	1	1,0,0
疒大	1	1,0,0
⺮勹	1	1,0,0
凡革	1	0,1,0
雨廴	1	1,0,0
儿虫	1	0,1,0
目厶	1	1,0,0
忄巛	1	1,0,0
彐灬	1	0,1,0
扌丷	1	1,0,0
礻其	1	1,0,0
穴夫	1	1,0,0
隹田	1	0,1,0
丶刂	1	0,0,1
木凡	1	0,1,0
衤艹	1	1,0,0
女西	1	1,0,0
石匕	1	1,0,0
門尸	1	1,0,0
之韋	1	1,0,0
𧘇八	1	0,1,0
虫羊	1	1,0,0
艹韋	1	1,0,0
攵目	1	0,0,1
車⺈	1	1,0,0
忄目	1	1,0,0
艹片	1	0,1,0
田士	1	1,0,0
二一	1	0,1,0
止耳	1	0,0,1
火四	1	1,0,0
衤自	1	1,0,0
羊氵	1	1,0,0
穴釆	1	1,0,0
釆冂	1	0,1,0
又弓	1	0,1,0
亠卜	1	1,0,0
口甘	1	0,1,0
半殳	1	0,1,0
殳金	1	0,0,1
冖欠	1	0,1,0
之习	1	0,1,0
十习	1	0,1,0
扌习	1	1,0,0
攵弓	1	0,0,1
絲至	1	1,0,0
土冖	1	1,0,0
母厶	1	0,1,0
絲數	1	1,0,0
不用	1	1,0,0
目西	1	1,0,0
金⺈	1	1,0,0
阝斤	1	1,0,0
冂丨	1	0,1,0
丨虫	1	0,0,1
山匕	1	0,1,0
匕彡	1	0,0,1
釆由	1	1,0,0
人攵	1	0,0,1
夕非	1	0,1,0
木业	1	1,0,0
衤者	1	1,0,0
虫皿	1	0,0,1
山亠	1	1,0,0
虫黽	1	1,0,0
禾艹	1	1,0,0
广虎	1	1,0,0
米宀	1	1,0,0
金由	1	1,0,0
金又	1	1,0,0
生刂	1	0,0,1
⺮爪	1	1,0,0
母大	1	1,0,0
山臼	1	1,0,0
冂夕	1	0,1,0
疒尸	1	1,0,0
弋山	1	0,1,0
木鹿	1	0,1,0
金西	1	1,0,0
冫冂	1	1,0,0
艹車	1	1,0,0
口业	1	1,0,0
口魚	1	1,0,0
宀辰	1	1,0,0
言木	1	1,0,0
厂人	1	1,0,0
土烏	1	1,0,0
口瓜	1	1,0,0
⺮馬	1	1,0,0
九鳥	1	1,0,0
口⺮	1	1,0,0
金烏	1	1,0,0
冖禾	1	0,1,0
禾殳	1	0,0,1
虫且	1	1,0,0
疒廿	1	1,0,0
革小	1	1,0,0
女丷	1	1,0,0
言夕	1	1,0,0
八王	1	0,1,0
冖目	1	0,0,1
隹冂	1	1,0,0
力月	1	0,0,1
日因	1	1,0,0
車牛	1	1,0,0
艹止	1	1,0,0
亻业	1	1,0,0
礻卜	1	1,0,0
阝龍	1	1,0,0
人頁	1	0,0,1
石申	1	1,0,0
火冂	1	1,0,0
艹辛	1	1,0,0
亻千	1	1,0,0
氵咼	1	1,0,0
彡小	1	0,1,0
人艹	1	0,1,0
艹頁	1	0,0,1
貝士	1	1,0,0
疒方	1	1,0,0
了丶	1	1,0,0
一儿	1	1,0,0
山犭	1	1,0,0
疒土	1	1,0,0
鹿其	1	1,0,0
牛冂	1	0,1,0
冂示	1	0,0,1
之小	1	1,0,0
丶阝	1	0,1,0
夕火	1	1,0,0
⺮立	1	1,0,0
羊儿	1	1,0,0
王立	1	1,0,0
口殳	1	0,0,1
寸木	1	0,0,1
忄夂	1	1,0,0
氵夕	1	1,0,0
馬丬	1	1,0,0
丬廿	1	0,1,0
鳥木	1	1,0,0
之丁	1	1,0,0
氵者	1	1,0,0
絲臣	1	1,0,0
广貝	1	1,0,0
凵隹	1	0,0,1
疒不	1	1,0,0
山爪	1	1,0,0
風舌	1	1,0,0
口且	1	1,0,0
⺮戈	1	1,0,0
石月	1	1,0,0
雨亠	1	1,0,0
氵犭	1	1,0,0
犭丁	1	0,1,0
之因	1	1,0,0
王㇕	1	1,0,0
金雨	1	1,0,0
雨臼	1	1,0,0
土甫	1	1,0,0
⺮二	1	1,0,0
雨非	1	1,0,0
王龍	1	1,0,0
女冂	1	1,0,0
目亠	1	1,0,0
八艹	1	0,0,1
夫艮	1	0,0,1
豸刀	1	1,0,0
彑米	1	1,0,0
米絲	1	0,1,0
絲艹	1	0,0,1
石絲	1	1,0,0
矢生	1	0,1,0
广其	1	1,0,0
爿二	1	0,1,0
言韋	1	1,0,0
乂王	1	0,1,0
王丷	1	0,0,1
八馬	1	0,0,1
小甲	1	0,1,0
示彐	1	0,1,0
月羊	1	1,0,0
氵雨	1	1,0,0
木八	1	0,1,0
四革	1	1,0,0
革馬	1	0,1,0
乂生	1	0,0,1
䒑灬	1	0,0,1
衤小	1	1,0,0
田匕	1	1,0,0
山攵	1	0,1,0
木由	1	1,0,0
皿頁	1	0,0,1
木弋	1	0,1,0
乡㇆	1	0,1,0
彡彡	1	0,1,0
艹丶	1	0,1,0
火又	1	0,0,1
石牛	1	1,0,0
言冫	1	1,0,0
木彐	1	1,0,0
十虫	1	0,1,0
小足	1	0,0,1
气㇆	1	1,0,0
木身	1	1,0,0
氵二	1	1,0,0
女士	1	1,0,0
止一	1	0,1,0
女日	1	1,0,0
弋鳥	1	1,0,0
弓一	1	1,0,0
白弓	1	0,0,1
非习	1	1,0,0
羊禾	1	1,0,0
禾了	1	0,1,0
車弋	1	1,0,0
虫又	1	1,0,0
寸火	1	0,0,1
衤习	1	1,0,0
彡士	1	0,1,0
皿冂	1	0,1,0
疒山	1	1,0,0
了一	1	1,0,0
木之	1	1,0,0
氵之	1	1,0,0
火臼	1	1,0,0
馬由	1	1,0,0
風厶	1	1,0,0
火人	1	1,0,0
⺮七	1	1,0,0
羊心	1	1,0,0
礻矢	1	1,0,0
巳巳	1	1,0,0
絲貝	1	1,0,0
馬一	1	1,0,0
厂廿	1	1,0,0
行弓	1	1,0,0
尸八	1	0,1,0
食自	1	1,0,0
犭且	1	1,0,0
車耳	1	1,0,0
耳乚	1	0,1,0
小鬼	1	0,1,0
魚王	1	1,0,0
习彡	1	0,1,0
彡戈	1	0,0,1
广臼	1	1,0,0
牛士	1	1,0,0
立風	1	1,0,0
艹釆	1	1,0,0
斤土	1	0,1,0
木己	1	1,0,0
食臼	1	1,0,0
户非	1	1,0,0
土艮	1	1,0,0
⺮彑	1	1,0,0
彐用	1	0,0,1
巛由	1	0,1,0
亻匚	1	1,0,0
虫咼	1	1,0,0
刂手	1	0,0,1
丿女	1	0,0,1
廿用	1	0,1,0
舟方	1	1,0,0
氏金	1	0,1,0
习艹	1	0,1,0
丷㇕	1	1,0,0
穴弓	1	1,0,0
山由	1	1,0,0
⺮廴	1	1,0,0
大絲	1	0,0,1
魚田	1	1,0,0
彡口	1	0,1,0
辰虫	1	1,0,0
金彐	1	1,0,0
絲金	1	0,0,1
足土	1	1,0,0
食幺	1	1,0,0
⺮數	1	1,0,0
疒木	1	1,0,0
言幺	1	1,0,0
雨言	1	1,0,0
了頁	1	0,0,1
氵习	1	1,0,0
火木	1	1,0,0
尸牛	1	0,1,0
彡冂	1	0,1,0
丶鬼	1	0,0,1
齒丿	1	1,0,0
矢隹	1	1,0,0
木魚	1	1,0,0
氵廴	1	1,0,0
門癶	1	1,0,0
疒止	1	1,0,0
之㇕	1	1,0,0
衤㇕	1	1,0,0
雨豸	1	1,0,0
虎文	1	1,0,0
火大	1	1,0,0
行目	1	1,0,0
大石	1	0,0,1
山巳	1	1,0,0
豕虫	1	0,1,0
夕厶	1	0,1,0
彡宀	1	0,1,0
王禾	1	1,0,0
金鹿	1	1,0,0
鹿灬	1	0,1,0
石厂	1	1,0,0
气亠	1	1,0,0
四金	1	0,0,1
貝爿	1	1,0,0
习立	1	0,1,0
自八	1	0,1,0
言犭	1	1,0,0
半豕	1	1,0,0
中虫	1	0,1,0
广勹	1	1,0,0
忄耳	1	1,0,0
金數	1	1,0,0
足耳	1	1,0,0
金方	1	1,0,0
子鳥	1	0,0,1
羊日	1	1,0,0
亻春	1	1,0,0
大习	1	0,1,0
疒虎	1	1,0,0
巛口	1	1,0,0
艹牛	1	1,0,0
一巴	1	0,0,1
㇆又	1	0,1,0
忄因	1	1,0,0
石木	1	1,0,0
石夕	1	1,0,0
虫至	1	1,0,0
骨殳	1	1,0,0
夕食	1	1,0,0
言山	1	1,0,0
儿刂	1	0,0,1
皮勹	1	1,0,0
片廿	1	1,0,0
方㇕	1	0,1,0
王亻	1	1,0,0
石白	1	1,0,0
忄長	1	1,0,0
夗刂	1	0,1,0
艹匚	1	1,0,0
口西	1	1,0,0
亻刀	1	1,0,0
了口	1	1,0,0
而頁	1	0,1,0
金穴	1	1,0,0
二⺈	1	1,0,0
⺈冫	1	0,1,0
扌之	1	1,0,0
夂月	1	0,0,1
爿㇕	1	0,1,0
大皿	1	0,1,0
絲羊	1	1,0,0
夕力	1	0,1,0
足厂	1	1,0,0
亻甲	1	1,0,0
魚尤	1	1,0,0
絲寸	1	1,0,0
由月	1	1,0,0
⺮巴	1	1,0,0
目臼	1	1,0,0
子雨	1	1,0,0
夕人	1	0,1,0
白亠	1	1,0,0
斤虫	1	0,1,0
矢习	1	0,1,0
貝辰	1	1,0,0
⺮白	1	1,0,0
亻艹	1	1,0,0
金川	1	1,0,0
日卜	1	0,1,0
由冂	1	1,0,0
冂二	1	0,1,0
行廿	1	0,1,0
木方	1	1,0,0
女丰	1	1,0,0
日冫	1	0,1,0
車土	1	1,0,0
目木	1	1,0,0
丨大	1	0,1,0
艹厂	1	1,0,0
酉因	1	1,0,0
齒艮	1	1,0,0
忄勹	1	1,0,0
虫木	1	1,0,0
虫冖	1	1,0,0
絲戊	1	1,0,0
絲手	1	0,0,1
車殳	1	0,0,1
豸夂	1	1,0,0
木⺮	1	1,0,0
石斤	1	1,0,0
⺮戊	1	1,0,0
食厶	1	1,0,0
貝人	1	1,0,0
人示	1	0,1,0
口立	1	1,0,0
目㇕	1	1,0,0
矢尸	1	0,1,0
隹土	1	0,0,1
絲四	1	1,0,0
爪一	1	1,0,0
金爿	1	1,0,0
㇕攵	1	0,1,0
寸皿	1	0,1,0
彡毛	1	0,1,0
艹臼	1	1,0,0
一巳	1	0,1,0
疒行	1	1,0,0
行王	1	0,1,0
礻止	1	1,0,0
丷巾	1	0,1,0
矢丁	1	0,1,0
月廴	1	1,0,0
魚虎	1	1,0,0
疒亠	1	1,0,0
口户	1	1,0,0
女广	1	1,0,0
片士	1	1,0,0
隹月	1	0,0,1
氵耳	1	1,0,0
王巴	1	0,1,0
禾田	1	1,0,0
⺮中	1	1,0,0
火千	1	1,0,0
車絲	1	1,0,0
革冂	1	1,0,0
匚中	1	1,0,0
足千	1	1,0,0
四忄	1	1,0,0
弓乂	1	0,1,0
之虎	1	1,0,0
匕土	1	0,0,1
山穴	1	1,0,0
犭木	1	1,0,0
凵勹	1	0,1,0
忄貝	1	1,0,0
門韋	1	1,0,0
女矢	1	1,0,0
王爪	1	1,0,0
阝工	1	0,1,0
疒立	1	1,0,0
酉丁	1	1,0,0
⺮厶	1	1,0,0
人勹	1	0,1,0
疒且	1	1,0,0
氵巛	1	1,0,0
艹上	1	1,0,0
齒足	1	1,0,0
白巴	1	0,1,0
舌氏	1	1,0,0
八者	1	0,0,1
广羊	1	1,0,0
忄千	1	1,0,0
穴日	1	1,0,0
衤鬼	1	1,0,0
亻鳥	1	0,1,0
鳥貝	1	0,0,1
亠土	1	1,0,0
土丸	1	0,1,0
丸𧘇	1	0,0,1
夕小	1	0,1,0
穴幺	1	1,0,0
人力	1	0,0,1
絲子	1	0,0,1
火之	1	1,0,0
土人	1	1,0,0
人因	1	0,1,0
馬䒑	1	1,0,0
艹數	1	1,0,0
口白	1	1,0,0
風臼	1	1,0,0
石丿	1	1,0,0
虫立	1	1,0,0
舌自	1	1,0,0
月虎	1	1,0,0
革又	1	1,0,0
丶食	1	0,0,1
冖匕	1	0,1,0
牛十	1	1,0,0
鬼彡	1	1,0,0
山鳥	1	0,0,1
鹿身	1	1,0,0
女阝	1	1,0,0
王日	1	1,0,0
齒尸	1	1,0,0
大馬	1	0,0,1
口車	1	1,0,0
骨十	1	1,0,0
羊凡	1	0,0,1
扌目	1	1,0,0
齒止	1	1,0,0
亻七	1	1,0,0
木行	1	1,0,0
羊亠	1	1,0,0
齒工	1	1,0,0
目冖	1	1,0,0
犭立	1	1,0,0
王氵	1	1,0,0
艹殳	1	1,0,0
人且	1	0,1,0
月七	1	1,0,0
革禾	1	1,0,0
日厶	1	0,1,0
厶足	1	0,0,1
儿鳥	1	0,1,0
丨卜	1	1,0,0
卜卜	1	0,1,0
卜工	1	0,0,1
革日	1	1,0,0
⺮口	1	1,0,0
二女	1	0,1,0
門十	1	1,0,0
王幺	1	1,0,0
亻穴	1	1,0,0
女雨	1	1,0,0
足冂	1	1,0,0
片户	1	1,0,0
户甫	1	0,1,0
行白	1	1,0,0
八夕	1	0,1,0
夕皮	1	0,0,1
二凵	1	0,1,0
石羊	1	1,0,0
火羊	1	1,0,0
豕阝	1	0,0,1
口彡	1	0,0,1
絲二	1	1,0,0
金田	1	1,0,0
女甲	1	1,0,0
馬西	1	1,0,0
白山	1	1,0,0
士大	1	0,1,0
疒非	1	1,0,0
丰見	1	0,0,1
土冂	1	1,0,0
虫甘	1	1,0,0
忄寸	1	1,0,0
齒且	1	1,0,0
虫丁	1	1,0,0
虫厂	1	1,0,0
亻非	1	1,0,0
月立	1	1,0,0
行勹	1	1,0,0
之丰	1	1,0,0
又馬	1	0,1,0
一勹	1	0,1,0
尤臣	1	1,0,0
食七	1	1,0,0
月甲	1	1,0,0
言卜	1	1,0,0
疒甘	1	1,0,0
忄山	1	1,0,0
艹西	1	1,0,0
骨夂	1	1,0,0
王十	1	1,0,0
王冖	1	1,0,0
魚之	1	1,0,0
米一	1	1,0,0
夕夫	1	0,0,1
习欠	1	0,0,1
鬼匕	1	0,1,0
艹咼	1	1,0,0
食丿	1	1,0,0
月因	1	1,0,0
土巳	1	1,0,0
业土	1	0,1,0
王匕	1	0,1,0
王頁	1	1,0,0
扌士	1	1,0,0
女匕	1	1,0,0
走凵	1	1,0,0
足厶	1	1,0,0
牛匕	1	1,0,0
女田	1	1,0,0
亻長	1	1,0,0
白斤	1	1,0,0
大匚	1	1,0,0
犭厂	1	1,0,0
匚⺈	1	0,1,0
虫小	1	1,0,0
夕宀	1	1,0,0
酉千	1	1,0,0
小亠	1	0,1,0
弓耳	1	1,0,0
山癶	1	1,0,0
牛羊	1	1,0,0
骨數	1	1,0,0
石癶	1	1,0,0
車厂	1	1,0,0
艹目	1	1,0,0
冂尤	1	0,0,1
田阝	1	0,1,0
土尸	1	1,0,0
犭口	1	1,0,0
了瓜	1	0,0,1
足业	1	1,0,0
言氏	1	1,0,0
口丷	1	0,1,0
川攵	1	0,1,0
攵虫	1	0,0,1
酉夕	1	1,0,0
耳戈	1	0,1,0
足之	1	1,0,0
風日	1	1,0,0
衤數	1	1,0,0
辛手	1	0,0,1
示刂	1	0,1,0
忄匚	1	1,0,0
匚人	1	0,1,0
言且	1	1,0,0
木廴	1	1,0,0
艹士	1	1,0,0
巾因	1	1,0,0
之鳥	1	0,1,0
忄气	1	1,0,0
絲矢	1	1,0,0
女匚	1	1,0,0
日隹	1	0,1,0
八月	1	0,1,0
疒氵	1	1,0,0
木巴	1	1,0,0
風且	1	1,0,0
忄西	1	1,0,0
二士	1	0,1,0
鹿几	1	1,0,0
毛廴	1	1,0,0
䒑見	1	0,0,1
土甘	1	1,0,0
乚戈	1	0,1,0
金爪	1	1,0,0
阝白	1	1,0,0
二幺	1	0,1,0
山木	1	0,1,0
足羊	1	1,0,0
魚四	1	1,0,0
四水	1	0,1,0
灬鳥	1	0,0,1
山㇆	1	1,0,0
舟斤	1	1,0,0
川冂	1	0,1,0
口雨	1	1,0,0
⺮扌	1	1,0,0
扌甘	1	0,1,0
亻勹	1	1,0,0
彡止	1	0,1,0
勹一	1	1,0,0
亻氵	1	1,0,0
臼水	1	1,0,0
水皿	1	0,1,0
小㠯	1	0,1,0
土厂	1	1,0,0
乚鳥	1	0,0,1
犭爪	1	1,0,0
馬亻	1	1,0,0
口方	1	1,0,0
女勹	1	1,0,0
足士	1	1,0,0
又巾	1	0,1,0
人心	1	0,0,1
目龍	1	1,0,0
豸一	1	1,0,0
貝亠	1	1,0,0
牛亠	1	1,0,0
目鬼	1	1,0,0
犭广	1	1,0,0
魚厂	1	1,0,0
阝鬼	1	1,0,0
小厂	1	0,1,0
厂牛	1	0,0,1
車刀	1	1,0,0
因丨	1	0,1,0
丨見	1	0,0,1
王牙	1	1,0,0
虫數	1	1,0,0
刂見	1	0,0,1
之甘	1	1,0,0
絲匕	1	1,0,0
足四	1	1,0,0
矢彐	1	0,1,0
女辰	1	1,0,0
魚西	1	1,0,0
衤斤	1	1,0,0
衤臣	1	1,0,0
虫子	1	1,0,0
鹿金	1	1,0,0
幺子	1	0,0,1
魚大	1	1,0,0
二四	1	0,1,0
女由	1	1,0,0
火米	1	1,0,0
足廿	1	1,0,0
車至	1	1,0,0
車巛	1	1,0,0
革三	1	1,0,0
車米	1	1,0,0
舟山	1	1,0,0
田川	1	1,0,0
足矢	1	1,0,0
女門	1	1,0,0
廿匕	1	0,1,0
幺人	1	0,1,0
足尸	1	1,0,0
牛大	1	1,0,0
日且	1	1,0,0
攵耳	1	0,0,1
之也	1	1,0,0
絲因	1	1,0,0
目之	1	1,0,0
礻大	1	1,0,0
疒鬼	1	1,0,0
女至	1	1,0,0
足䒑	1	1,0,0
王几	1	1,0,0
乙丿	1	1,0,0
亻夫	1	1,0,0
攵黽	1	0,0,1
食鬼	1	1,0,0
卜八	1	0,1,0
八目	1	0,0,1
氵甲	1	1,0,0
丶自	1	0,1,0
尸辛	1	0,1,0
口牛	1	1,0,0
木力	1	0,0,1
木因	1	1,0,0
臼火	1	0,1,0
彐殳	1	0,1,0
殳心	1	0,0,1
