人人	48	7,41
一口	45	7,38
日十	35	1,34
十口	35	9,26
口口	33	13,20
口儿	31	1,30
习习	30	9,21
甲二	28	3,25
大丶	27	2,25
丁口	27	3,24
勹彡	25	4,21
冂厶	24	0,24
冂口	23	0,23
日一	22	6,16
廿八	22	3,19
夂口	22	1,21
土土	22	6,16
口䒑	22	0,22
匕匕	22	4,18
牛山	21	7,14
卜口	21	4,17
冂艹	21	2,19
亠口	21	21,0
一十	21	2,19
八乂	20	7,13
士口	19	11,8
二厶	19	4,15
一大	19	4,15
一夕	19	18,1
小月	18	2,16
木木	17	11,6
八夂	17	0,17
八刀	17	6,11
人之	17	5,12
口田	16	2,14
口木	16	5,11
勹巳	16	2,14
一止	16	3,13
艹日	15	15,0
由八	15	0,15
火火	15	9,6
彐二	15	5,10
小丿	15	4,11
土半	15	5,10
冂大	15	3,12
人一	15	14,1
亠𧘇	15	2,13
⺮皿	15	0,15
月刂	14	0,14
日木	14	4,10
日日	14	3,11
口小	14	4,10
厶口	14	2,12
冖巾	14	0,14
冂人	14	2,12
人乚	14	0,14
丿士	14	1,13
丰月	14	4,10
⺈彐	14	5,9
鬼十	13	1,12
艹氵	13	13,0
艹勹	13	13,0
立日	13	10,3
矢母	13	4,9
氵亠	13	13,0
㇕止	13	4,9
木四	13	2,11
木人	13	13,0
日乚	13	2,11
扌人	13	13,0
户口	13	3,10
因口	13	3,10
口月	13	1,12
凵山	13	2,11
冂土	13	4,9
人口	13	0,13
㇆丿	13	3,10
矢卜	12	2,10
氵日	12	12,0
氵宀	12	12,0
日小	12	1,11
數女	12	2,10
手戈	12	2,10
廿日	12	2,10
夕㐄	12	2,10
土厶	12	5,7
四日	12	0,12
口一	12	7,5
十又	12	2,10
一了	12	1,11
長彡	11	11,0
西示	11	4,7
立口	11	4,7
氵一	11	11,0
氏丶	11	5,6
扌亠	11	11,0
小冖	11	11,0
土尤	11	0,11
土寸	11	1,10
四貝	11	1,10
又用	11	3,8
又丶	11	2,9
勹口	11	3,8
人彡	11	0,11
釆田	10	3,7
艹冖	10	10,0
牛小	10	1,9
牛口	10	3,7
氵艹	10	9,1
氵木	10	10,0
止匕	10	6,4
木日	10	7,3
斤又	10	1,9
戈尤	10	2,8
广木	10	10,0
川八	10	0,10
小貝	10	0,10
大口	10	2,8
四二	10	10,0
口貝	10	3,7
口十	10	10,0
口八	10	3,7
口㐄	10	0,10
厂巳	10	2,8
匚乂	10	4,6
勹丶	10	1,9
力口	10	5,5
刀口	10	2,8
冖方	10	0,10
八言	10	0,10
二儿	10	2,8
乡人	10	0,10
丶艮	10	3,7
七凵	10	2,8
一寸	10	2,8
言絲	9	9,0
艹二	9	1,8
䒑艹	9	2,7
禾火	9	2,7
白王	9	1,8
氵十	9	7,2
氵人	9	9,0
木口	9	6,3
木亠	9	9,0
木一	9	6,3
日大	9	0,9
扌斤	9	7,2
戈戈	9	1,8
宀夗	9	3,6
宀匕	9	1,8
大月	9	2,7
土口	9	2,7
口心	9	0,9
口寸	9	1,8
口土	9	4,5
口亠	9	9,0
口𧘇	9	0,9
㇕口	9	0,9
䒑口	9	0,9
又又	9	3,6
十且	9	4,5
匕日	9	1,8
勹虫	9	0,9
刂八	9	0,9
冫十	9	1,8
冂一	9	4,5
亻人	9	9,0
人禾	9	4,5
人十	9	0,9
亠幺	9	4,5
亠几	9	1,8
亠八	9	6,3
乂凵	9	2,7
乂乂	9	2,7
且八	9	1,8
一巾	9	0,9
雨而	8	1,7
艹一	8	8,0
耳又	8	5,3
絲隹	8	1,7
田田	8	2,6
甘𧘇	8	0,8
王丶	8	3,5
片爿	8	0,8
爪彐	8	1,7
氵廿	8	8,0
氵儿	8	1,7
水冂	8	8,0
木目	8	2,6
木冂	8	6,2
月月	8	2,6
日夂	8	0,8
日二	8	1,7
方矢	8	8,0
方攵	8	1,7
扌日	8	8,0
扌⺈	8	8,0
心夂	8	0,8
巛工	8	0,8
小尤	8	3,5
宀示	8	1,7
宀丁	8	1,7
女口	8	7,1
女又	8	7,1
大又	8	1,7
㇕大	8	0,8
夕夕	8	2,6
因大	8	2,6
四又	8	0,8
口辛	8	0,8
口攵	8	0,8
口人	8	8,0
又㇕	8	8,0
厶皿	8	0,8
十日	8	8,0
冫欠	8	7,1
冖車	8	1,7
亻寸	8	1,7
亻大	8	8,0
亻匕	8	6,2
亠丷	8	8,0
二小	8	3,5
丶王	8	1,7
㇆丶	8	0,8
一艹	8	5,3
一白	8	2,6
⺈用	8	6,2
阝人	7	7,0
言人	7	7,0
虫虫	7	2,5
艹大	7	7,0
米女	7	2,5
米大	7	2,5
禾女	7	2,5
禾刂	7	3,4
矢乙	7	1,6
疒人	7	7,0
田絲	7	1,6
甫寸	7	0,7
木斤	7	3,4
月亠	7	7,0
扌口	7	7,0
戈人	7	0,7
弓川	7	2,5
弓亻	7	0,7
廿灬	7	0,7
幺幺	7	3,4
工㇆	7	1,6
山而	7	1,6
尸口	7	7,0
大火	7	2,5
大川	7	0,7
夂丰	7	0,7
士冖	7	7,0
土川	7	7,0
土亠	7	7,0
厶川	7	0,7
勹日	7	1,6
刀丶	7	2,5
冖豕	7	1,6
冖力	7	0,7
八大	7	0,7
八厶	7	3,4
儿丶	7	0,7
亻木	7	2,5
亻一	7	7,0
人巳	7	2,5
人匕	7	1,6
㇆人	7	1,6
二灬	7	0,7
二火	7	2,5
二日	7	0,7
二⺍	7	0,7
丿大	7	3,4
丶水	7	1,6
丶㇕	7	0,7
丰貝	7	1,6
丨又	7	0,7
业羊	7	2,5
三小	7	6,1
一冂	7	5,2
⺈貝	7	1,6
非一	6	1,5
隹灬	6	1,5
金小	6	6,0
車斤	6	3,3
言亠	6	6,0
艹田	6	1,5
艹人	6	6,0
艮冂	6	1,5
耳耳	6	1,5
絲宀	6	6,0
絲人	6	6,0
穴工	6	2,4
皿丁	6	0,6
田皿	6	0,6
田月	6	1,5
田心	6	1,5
王王	6	5,1
氵尸	6	6,0
氵小	6	6,0
氵冖	6	6,0
木匚	6	6,0
木丶	6	3,3
月攵	6	0,6
日戈	6	1,5
日勹	6	6,0
日乂	6	0,6
扌爪	6	6,0
扌小	6	6,0
扌大	6	6,0
扌又	6	6,0
㇆彡	6	0,6
彐氵	6	1,5
彐心	6	0,6
尸丶	6	4,2
寸丿	6	1,5
宀一	6	5,1
宀㠯	6	1,5
大巾	6	1,5
口鳥	6	1,5
口鬼	6	2,4
口艹	6	6,0
口欠	6	1,5
口刂	6	0,6
口冂	6	3,3
㇕又	6	0,6
厂日	6	6,0
㇕十	6	1,5
匚口	6	6,0
匚㇕	6	1,5
勹凵	6	4,2
冫大	6	1,5
冂乂	6	3,3
其乚	6	4,2
八口	6	1,5
亻弋	6	5,1
亻口	6	6,0
亻丿	6	6,0
亻丨	6	6,0
人皿	6	0,6
人王	6	1,5
人川	6	1,5
亠乡	6	6,0
乚木	6	0,6
之一	6	6,0
丿絲	6	1,5
丷酉	6	5,1
丰寸	6	1,5
丰力	6	5,1
㇕丨	6	0,6
丁䒑	6	1,5
一貝	6	0,6
一木	6	1,5
一业	6	5,1
⺈臼	6	1,5
⺈丶	6	2,4
魚日	5	3,2
隹又	5	1,4
金勹	5	5,0
金人	5	5,0
金亠	5	5,0
車寸	5	1,4
貝刂	5	1,4
言艹	5	5,0
行山	5	5,0
虎田	5	5,0
艹阝	5	4,1
艹工	5	1,4
艹宀	5	5,0
艹四	5	5,0
艹口	5	5,0
艮阝	5	0,5
自口	5	1,4
臣又	5	5,0
耳攵	5	0,5
羊工	5	1,4
絲口	5	4,1
絲冂	5	5,0
立丿	5	3,2
禾止	5	1,4
禾日	5	3,2
矢口	5	2,3
田力	5	1,4
牛儿	5	2,3
牛人	5	1,4
爿夕	5	5,0
爪木	5	2,3
爪子	5	2,3
氵爪	5	5,0
氵弓	5	5,0
氵又	5	5,0
氵刀	5	5,0
氵丶	5	3,2
氏川	5	0,5
木艹	5	5,0
木宀	5	5,0
木刂	5	2,3
日生	5	1,4
文川	5	2,3
扌艹	5	5,0
扌厶	5	5,0
扌丸	5	5,0
忄日	5	5,0
忄人	5	5,0
忄亠	5	5,0
心丿	5	1,4
彐水	5	2,3
彐女	5	0,5
弋工	5	1,4
廿口	5	5,0
广廿	5	5,0
广亻	5	5,0
幺木	5	0,5
巳七	5	1,4
工月	5	0,5
山一	5	5,0
尹口	5	3,2
尸至	5	1,4
尸匕	5	2,3
䒑寸	5	0,5
宀甘	5	5,0
宀女	5	2,3
女宀	5	5,0
女丿	5	5,0
大阝	5	0,5
夗示	5	1,4
夂冫	5	1,4
士尸	5	5,0
土日	5	5,0
因木	5	1,4
四夕	5	1,4
口隹	5	1,4
口阝	5	1,4
口豕	5	1,4
口耳	5	2,3
口尸	5	5,0
口子	5	1,4
口力	5	3,2
又土	5	1,4
厶月	5	3,2
卜貝	5	1,4
匕白	5	0,5
勹厶	5	1,4
勹冫	5	1,4
刂又	5	5,0
刀田	5	0,5
凵欠	5	0,5
冖又	5	0,5
八土	5	0,5
亻立	5	4,1
亻廿	5	5,0
亻宀	5	5,0
人止	5	1,4
人土	5	0,5
人丶	5	5,0
亠刂	5	5,0
二川	5	1,4
习隹	5	0,5
之斤	5	5,0
乂木	5	5,0
丿㠯	5	4,1
丶鹿	5	0,5
丶工	5	0,5
丬夕	5	5,0
丘八	5	1,4
不一	5	2,3
一豕	5	0,5
⺮人	5	5,0
魚羊	4	2,2
韋口	4	3,1
雨田	4	1,3
阝二	4	4,0
門口	4	4,0
金立	4	4,0
金四	4	4,0
金口	4	4,0
金冂	4	4,0
車一	4	4,0
身寸	4	1,3
貝戈	4	3,1
言矢	4	4,0
言工	4	4,0
言⺈	4	4,0
行人	4	4,0
虫口	4	4,0
虫亠	4	4,0
虎豕	4	1,3
艹貝	4	0,4
艹土	4	4,0
艹刂	4	1,3
艹冂	4	4,0
艹亻	4	4,0
艹亠	4	4,0
艹㇕	4	4,0
舟殳	4	3,1
臼巛	4	3,1
臼儿	4	1,3
臼一	4	4,0
自心	4	1,3
者子	4	2,2
者匕	4	2,2
者了	4	1,3
絲亠	4	4,0
目隹	4	1,3
白巾	4	1,3
癶一	4	4,0
疒矢	4	3,1
田展	4	1,3
甘木	4	1,3
爿士	4	3,1
爪臼	4	1,3
爪冖	4	4,0
火日	4	4,0
氵西	4	4,0
氵士	4	4,0
氵土	4	4,0
氵口	4	4,0
氵厶	4	4,0
氵厂	4	4,0
氵勹	4	4,0
氵丰	4	4,0
氵䒑	4	4,0
氏冂	4	0,4
氏丿	4	4,0
止月	4	1,3
止小	4	3,1
木隹	4	3,1
木示	4	2,2
木春	4	4,0
木土	4	3,1
木又	4	4,0
木十	4	4,0
月日	4	4,0
月土	4	2,2
月半	4	4,0
日心	4	0,4
攵心	4	0,4
扌廿	4	4,0
扌广	4	4,0
扌尸	4	4,0
扌宀	4	4,0
扌土	4	4,0
扌匕	4	4,0
扌勹	4	4,0
扌一	4	4,0
戊丶	4	1,3
戊一	4	4,0
戊㇆	4	2,2
忄冂	4	4,0
㇕心	4	0,4
彡頁	4	1,3
彐口	4	0,4
弓冫	4	1,3
廿乚	4	1,3
广彐	4	4,0
广土	4	1,3
幺力	4	1,3
工凡	4	3,1
山人	4	4,0
小彐	4	1,3
小又	4	0,4
宀豕	4	1,3
宀大	4	4,0
宀丰	4	4,0
子攵	4	1,3
夫隹	4	0,4
大忄	4	0,4
大彡	4	0,4
䒑大	4	2,2
夕口	4	1,3
夕刂	4	0,4
夂木	4	1,3
夂心	4	0,4
夂力	4	1,3
四見	4	0,4
口自	4	4,0
口禾	4	1,3
口王	4	1,3
口日	4	3,1
口手	4	1,3
口廿	4	4,0
口巴	4	1,3
口亻	4	4,0
口了	4	2,2
口丰	4	2,2
又隹	4	1,3
又工	4	0,4
厶矢	4	1,3
厶人	4	1,3
厂一	4	4,0
卜丨	4	0,4
十月	4	0,4
匕十	4	0,4
力攵	4	0,4
力力	4	1,3
力八	4	1,3
刂辰	4	0,4
刂⺮	4	4,0
几木	4	2,2
冖子	4	0,4
冖几	4	1,3
冖儿	4	1,3
其斤	4	1,3
八水	4	0,4
八木	4	0,4
八人	4	4,0
亻鬼	4	4,0
亻矢	4	4,0
亻日	4	4,0
亻戈	4	2,2
亻小	4	4,0
亻土	4	4,0
亻十	4	4,0
亻亠	4	4,0
亻二	4	4,0
人水	4	0,4
人冫	4	0,4
亠巾	4	1,3
亠厶	4	4,0
二阝	4	0,4
䒑二	4	1,3
之車	4	1,3
之米	4	2,2
之䒑	4	4,0
丿皿	4	3,1
丿止	4	0,4
丿之	4	1,3
丿七	4	0,4
丶乂	4	1,3
丰阝	4	2,2
丰丰	4	4,0
丬匕	4	3,1
七刀	4	1,3
七儿	4	1,3
一心	4	0,4
一卜	4	2,2
㇆一	4	2,2
⺮木	4	4,0
⺮亠	4	4,0
⺈小	4	1,3
⺈口	4	4,0
魚禾	3	2,1
鬼乂	3	0,3
食⺈	3	3,0
隹鳥	3	0,3
阝日	3	3,0
阝大	3	3,0
阝之	3	3,0
阝一	3	3,0
門木	3	2,1
門日	3	1,2
金白	3	3,0
金牛	3	3,0
金十	3	3,0
金刂	3	1,2
金丰	3	3,0
酉寸	3	0,3
酉亠	3	3,0
車車	3	2,1
車心	3	1,2
車人	3	3,0
足日	3	3,0
足戈	3	3,0
足又	3	3,0
足亠	3	3,0
足丷	3	3,0
貝女	3	0,3
言牛	3	3,0
言士	3	3,0
言又	3	3,0
言十	3	3,0
言丶	3	3,0
衤日	3	3,0
行一	3	3,0
虫日	3	3,0
虫丶	3	3,0
艹絲	3	3,0
艹禾	3	3,0
艹广	3	3,0
艹尸	3	3,0
艹因	3	3,0
艹十	3	3,0
艹力	3	3,0
艹之	3	3,0
艹三	3	3,0
臼冂	3	3,0
臣⺮	3	3,0
羊灬	3	2,1
羊大	3	1,2
絲絲	3	3,0
絲白	3	3,0
絲爪	3	3,0
絲戈	3	3,0
絲弓	3	1,2
絲刀	3	3,0
立木	3	3,0
禾爪	3	3,0
禾土	3	2,1
禾口	3	3,0
禾人	3	3,0
礻口	3	3,0
石广	3	3,0
石土	3	3,0
石亠	3	3,0
矢矢	3	0,3
矢十	3	1,2
㇕矢	3	0,3
目艹	3	3,0
目爪	3	3,0
白水	3	1,2
疒一	3	3,0
疒⺈	3	3,0
王攵	3	1,2
王人	3	3,0
王亠	3	3,0
犭王	3	1,2
犭火	3	1,2
犭日	3	3,0
犭宀	3	3,0
牛巾	3	3,0
爪幺	3	3,0
爪女	3	1,2
火亠	3	3,0
火⺈	3	3,0
氵隹	3	2,1
氵門	3	3,0
氵貝	3	3,0
氵立	3	3,0
氵皮	3	2,1
氵白	3	2,1
氵甫	3	2,1
氵方	3	3,0
氵户	3	3,0
氵戈	3	3,0
氵大	3	3,0
氵因	3	3,0
氵四	3	3,0
氵七	3	3,0
氵⺈	3	3,0
氵㇆	3	3,0
㇕水	3	3,0
氏小	3	1,2
止冂	3	0,3
欠心	3	0,3
木矢	3	3,0
木白	3	3,0
木戈	3	3,0
木幺	3	1,2
木工	3	3,0
木小	3	3,0
木卜	3	3,0
木⺈	3	3,0
木㇆	3	3,0
月艹	3	3,0
月冂	3	3,0
月人	3	3,0
月一	3	3,0
䒑月	3	3,0
春禾	3	1,2
春工	3	1,2
日目	3	1,2
日皿	3	0,3
日月	3	2,1
日女	3	0,3
斤丶	3	1,2
文厂	3	3,0
扌門	3	3,0
扌立	3	3,0
扌穴	3	3,0
扌山	3	3,0
扌四	3	3,0
扌卜	3	3,0
扌㇕	3	3,0
扌䒑	3	3,0
户隹	3	2,1
戊上	3	3,0
戈艹	3	1,2
戈臣	3	0,3
戈大	3	1,2
忄隹	3	2,1
忄艹	3	3,0
忄木	3	3,0
忄大	3	3,0
忄土	3	3,0
忄厶	3	3,0
忄十	3	3,0
忄丷	3	3,0
䒑彡	3	0,3
彑水	3	1,2
弓殳	3	0,3
弓厶	3	2,1
廿又	3	0,3
幺大	3	0,3
䒑幺	3	3,0
巾立	3	3,0
巾日	3	3,0
工頁	3	1,2
工貝	3	1,2
工力	3	1,2
巛日	3	3,0
山大	3	3,0
䒑山	3	0,3
尸行	3	3,0
尸示	3	3,0
尸水	3	3,0
尸廿	3	3,0
小頁	3	0,3
小心	3	0,3
寸氵	3	3,0
宀艹	3	3,0
宀爿	3	3,0
宀心	3	3,0
宀二	3	3,0
子阝	3	0,3
子皿	3	1,2
子乚	3	1,2
女鬼	3	2,1
女攵	3	0,3
女尸	3	3,0
女亠	3	3,0
女一	3	3,0
大隹	3	2,1
大日	3	2,1
大弓	3	1,2
大厶	3	1,2
大一	3	3,0
夕寸	3	0,3
夕匕	3	0,3
夂丶	3	0,3
士心	3	1,2
土羊	3	0,3
土立	3	3,0
土卜	3	1,2
土十	3	3,0
土一	3	3,0
四者	3	1,2
口馬	3	1,2
口頁	3	0,3
口虎	3	3,0
口者	3	3,0
口灬	3	0,3
口巾	3	1,2
口宀	3	3,0
口大	3	3,0
口四	3	3,0
口又	3	3,0
口厶	3	3,0
口勹	3	3,0
口刀	3	2,1
口凵	3	3,0
口丶	3	1,2
口中	3	2,1
厶大	3	3,0
厶儿	3	1,2
厂白	3	3,0
卜日	3	2,1
卜因	3	3,0
半巳	3	1,2
匚矢	3	3,0
匚王	3	1,2
匕灬	3	0,3
勹米	3	0,3
刂王	3	3,0
刀牛	3	0,3
冫亠	3	3,0
冖隹	3	1,2
冖丁	3	0,3
冂攵	3	0,3
冂又	3	0,3
冂亠	3	2,1
冂䒑	3	3,0
八頁	3	0,3
八皿	3	0,3
㇆八	3	0,3
儿貝	3	0,3
儿日	3	0,3
亻田	3	3,0
亻尸	3	3,0
亻士	3	3,0
亻厶	3	3,0
亻卜	3	3,0
亻八	3	3,0
亻丷	3	3,0
亻丰	3	3,0
亻丁	3	3,0
亻⺈	3	3,0
人舌	3	2,1
人二	3	3,0
亡川	3	0,3
亡口	3	3,0
䒑亡	3	0,3
亠川	3	3,0
亠因	3	3,0
二水	3	1,2
了戈	3	0,3
乡隹	3	0,3
乡丶	3	3,0
乚丿	3	1,2
乚丶	3	0,3
乚一	3	0,3
乙十	3	1,2
乙冫	3	2,1
之艮	3	1,2
之白	3	3,0
之牛	3	3,0
之日	3	3,0
之尸	3	3,0
之土	3	3,0
之四	3	3,0
之二	3	3,0
之丷	3	3,0
乂巛	3	0,3
丸灬	3	0,3
丷豕	3	0,3
丷丁	3	0,3
丶虫	3	0,3
丶灬	3	0,3
丶心	3	0,3
丰𧘇	3	1,2
䒑业	3	2,1
且力	3	1,2
上小	3	2,1
七小	3	1,2
一川	3	1,2
一尤	3	1,2
一力	3	1,2
⺮見	3	0,3
⺮目	3	3,0
⺮彐	3	3,0
⺮四	3	3,0
⺍川	3	1,2
⺍一	3	3,0
⺈巴	3	1,2
鹿米	2	2,0
鳥山	2	1,1
魚亠	2	2,0
骨亠	2	2,0
馬户	2	2,0
馬大	2	2,0
馬四	2	2,0
馬又	2	2,0
馬匚	2	2,0
馬人	2	2,0
馬丿	2	2,0
食矢	2	2,0
食日	2	2,0
食戈	2	2,0
革亻	2	2,0
革之	2	2,0
雨氵	2	2,0
雨木	2	2,0
雨厂	2	2,0
阝立	2	2,0
阝月	2	1,1
阝宀	2	2,0
阝夂	2	2,0
阝土	2	2,0
阝千	2	2,0
阝匕	2	2,0
阝丷	2	2,0
阝⺈	2	2,0
門隹	2	0,2
門王	2	1,1
門心	2	1,1
門土	2	2,0
門人	2	2,0
門亠	2	2,0
門丷	2	2,0
門一	2	2,0
金臣	2	2,0
金禾	2	2,0
金日	2	2,0
金戈	2	2,0
金广	2	2,0
金大	2	2,0
金夂	2	2,0
金土	2	2,0
金千	2	2,0
金丷	2	2,0
釆心	2	1,1
辰寸	2	1,1
辛言	2	1,1
辛木	2	1,1
車又	2	2,0
車凵	2	2,0
車亠	2	2,0
車丿	2	2,0
車丁	2	2,0
身弓	2	1,1
身匚	2	2,0
足艹	2	2,0
足爪	2	2,0
足山	2	2,0
足宀	2	2,0
足大	2	2,0
足夂	2	2,0
走小	2	2,0
貝貝	2	2,0
貝宀	2	2,0
豸艮	2	2,0
言羊	2	2,0
言立	2	2,0
言禾	2	2,0
言甘	2	2,0
言火	2	2,0
言日	2	2,0
言斤	2	2,0
言廿	2	2,0
言宀	2	2,0
言大	2	2,0
言口	2	2,0
言匕	2	2,0
言刀	2	2,0
言冂	2	2,0
言八	2	2,0
言之	2	2,0
言丁	2	2,0
言一	2	2,0
言䒑	2	2,0
西貝	2	1,1
西木	2	1,1
西女	2	1,1
西土	2	1,1
衤亻	2	2,0
行牛	2	2,0
行土	2	2,0
行亠	2	2,0
虫艹	2	2,0
虫矢	2	2,0
虫廿	2	2,0
虫廴	2	2,0
虫宀	2	2,0
虫土	2	2,0
虫因	2	2,0
虫十	2	2,0
虫八	2	2,0
虫丷	2	2,0
虫丰	2	2,0
虫一	2	2,0
虎匚	2	1,1
虎业	2	1,1
虎一	2	2,0
艹魚	2	2,0
艹鬼	2	2,0
艹隹	2	2,0
艹門	2	2,0
艹者	2	1,1
艹立	2	2,0
艹矢	2	2,0
艹白	2	2,0
艹犭	2	2,0
艹爿	2	2,0
艹方	2	2,0
艹心	2	2,0
艹彐	2	2,0
艹展	2	0,2
艹子	2	2,0
艹女	2	2,0
艹夗	2	2,0
艹千	2	2,0
艹亡	2	2,0
艹丿	2	2,0
艹丁	2	2,0
艮心	2	1,1
艮寸	2	0,2
艮土	2	1,1
艮七	2	2,0
舟人	2	2,0
舟亠	2	2,0
臼人	2	1,1
臼乂	2	2,0
至攵	2	1,1
至刂	2	1,1
自田	2	2,0
自戈	2	0,2
自夂	2	0,2
䒑自	2	2,0
臣矢	2	2,0
耳阝	2	1,1
耳口	2	2,0
㇕耳	2	2,0
者阝	2	1,1
絲鳥	2	0,2
絲米	2	2,0
絲田	2	2,0
絲木	2	1,1
絲攵	2	0,2
絲心	2	0,2
絲彑	2	2,0
絲彐	2	2,0
絲工	2	2,0
絲巛	2	2,0
絲山	2	1,1
絲大	2	2,0
絲夂	2	2,0
絲士	2	2,0
絲土	2	2,0
絲又	2	2,0
絲千	2	2,0
絲勹	2	2,0
絲凵	2	2,0
絲丰	2	2,0
絲七	2	2,0
絲㇕	2	2,0
絲䒑	2	2,0
米艹	2	2,0
米广	2	2,0
米乚	2	1,1
立女	2	1,1
穴牛	2	2,0
穴氵	2	2,0
穴口	2	2,0
禾小	2	2,0
禾子	2	1,1
禾几	2	2,0
禾冂	2	2,0
禾儿	2	2,0
禾一	2	2,0
禾⺈	2	2,0
礻氏	2	2,0
礻士	2	2,0
礻一	2	2,0
示寸	2	0,2
石石	2	1,1
石氏	2	2,0
石廿	2	2,0
石小	2	2,0
石因	2	2,0
石冂	2	2,0
石一	2	2,0
石䒑	2	2,0
矢廿	2	2,0
矢子	2	0,2
矢丿	2	2,0
目癶	2	2,0
目尸	2	2,0
目土	2	2,0
目⺈	2	2,0
疒艹	2	2,0
疒羊	2	2,0
疒禾	2	2,0
疒火	2	2,0
疒日	2	2,0
疒又	2	2,0
疒十	2	2,0
田大	2	1,1
田土	2	1,1
用心	2	0,2
用力	2	0,2
王虎	2	2,0
王艹	2	2,0
王白	2	2,0
王文	2	2,0
王⺈	2	2,0
犭艹	2	2,0
犭甲	2	2,0
犭田	2	2,0
犭四	2	2,0
牛土	2	2,0
牙阝	2	1,1
爿戈	2	2,0
爪又	2	2,0
灬皿	2	0,2
㇆灬	2	0,2
火門	2	2,0
火立	2	2,0
火白	2	2,0
火户	2	2,0
火夂	2	2,0
火土	2	2,0
火勹	2	2,0
氵言	2	2,0
氵虎	2	2,0
氵舌	2	1,1
氵羊	2	2,0
氵目	2	2,0
氵癶	2	2,0
氵田	2	2,0
氵牛	2	2,0
氵氏	2	2,0
氵止	2	2,0
氵欠	2	1,1
氵文	2	2,0
氵戊	2	2,0
氵心	2	2,0
氵彐	2	2,0
氵广	2	2,0
氵工	2	2,0
氵山	2	2,0
氵夂	2	2,0
氵卜	2	2,0
氵匚	2	2,0
氵冂	2	2,0
氵其	2	2,0
氵八	2	2,0
氵乂	2	2,0
氵丿	2	2,0
氵中	2	2,0
氵丁	2	2,0
氵㇕	2	2,0
水牛	2	0,2
水凵	2	0,2
水一	2	0,2
水𧘇	2	0,2
气米	2	1,1
气因	2	2,0
氏日	2	1,1
毛毛	2	0,2
母貝	2	1,1
止心	2	0,2
木鬼	2	1,1
木阝	2	2,0
木門	2	2,0
木西	2	2,0
木艮	2	2,0
木臣	2	2,0
木羊	2	2,0
木米	2	1,1
木穴	2	2,0
木石	2	0,2
木甘	2	2,0
木氏	2	2,0
木毛	2	1,1
木月	2	1,1
木彡	2	1,1
木广	2	2,0
木寸	2	2,0
木大	2	1,1
木士	2	2,0
木匕	2	2,0
木勹	2	2,0
木冖	2	2,0
木了	2	2,0
木习	2	2,0
木乚	2	2,0
木乂	2	2,0
木丿	2	2,0
木丷	2	2,0
木丰	2	2,0
木𧘇	2	0,2
㐄木	2	0,2
月甫	2	2,0
月广	2	2,0
月巛	2	2,0
月小	2	2,0
月宀	2	2,0
月大	2	2,0
月十	2	2,0
月勹	2	2,0
月力	2	2,0
月八	2	2,0
月⺈	2	2,0
日立	2	1,1
日矢	2	2,0
日爪	2	2,0
日广	2	2,0
日寸	2	1,1
日土	2	2,0
日四	2	2,0
日刂	2	2,0
日刀	2	2,0
日冂	2	2,0
日儿	2	0,2
日亠	2	2,0
日业	2	1,1
斤欠	2	1,1
斤彐	2	2,0
斤十	2	2,0
斤一	2	2,0
斤㇕	2	2,0
文刂	2	1,1
攵馬	2	0,2
攵灬	2	0,2
扌隹	2	2,0
扌虎	2	2,0
扌臼	2	2,0
扌耳	2	2,0
扌矢	2	2,0
扌白	2	1,1
扌癶	2	2,0
扌甫	2	2,0
扌用	2	2,0
扌氏	2	2,0
扌春	2	2,0
扌數	2	2,0
扌户	2	2,0
扌戈	2	2,0
扌彐	2	2,0
扌巳	2	2,0
扌工	2	2,0
扌尤	2	2,0
扌夫	2	2,0
扌夕	2	2,0
扌因	2	2,0
扌厂	2	2,0
扌半	2	2,0
扌千	2	2,0
扌匚	2	2,0
扌刀	2	2,0
扌冖	2	2,0
扌八	2	2,0
扌二	2	2,0
扌乚	2	2,0
扌丁	2	2,0
扌㇆	2	2,0
户冂	2	2,0
戈皿	2	1,1
戈口	2	2,0
忄艮	2	2,0
忄立	2	2,0
忄禾	2	2,0
忄矢	2	2,0
忄白	2	2,0
忄广	2	2,0
忄小	2	2,0
忄口	2	2,0
忄二	2	2,0
忄丰	2	2,0
忄一	2	2,0
彡火	2	0,2
彡刂	2	0,2
彑豕	2	1,1
彐止	2	0,2
䒑彐	2	2,0
弓長	2	1,1
弓口	2	2,0
弓丨	2	1,1
弋止	2	0,2
廴丿	2	2,0
广車	2	1,1
广大	2	2,0
幺田	2	0,2
巾口	2	1,1
巾卜	2	2,0
巾刂	2	0,2
工了	2	1,1
工㇕	2	1,1
巛田	2	0,2
山隹	2	1,1
山己	2	2,0
山夕	2	1,1
山土	2	2,0
山厂	2	2,0
山十	2	2,0
山匚	2	2,0
尸米	2	2,0
尸目	2	1,1
尸毛	2	1,1
尸十	2	2,0
小彡	2	0,2
小冂	2	2,0
宀辛	2	1,1
宀申	2	1,1
宀王	2	2,0
宀牛	2	2,0
宀日	2	2,0
宀寸	2	1,1
宀夂	2	2,0
宀口	2	2,0
宀且	2	1,1
子瓜	2	1,1
子子	2	0,2
子力	2	0,2
女鳥	2	1,1
女甘	2	2,0
女彐	2	2,0
女小	2	2,0
女女	2	1,1
女因	2	2,0
女厶	2	2,0
女十	2	2,0
女凡	2	0,2
女⺈	2	2,0
女㇕	2	2,0
女䒑	2	2,0
夫車	2	0,2
夫見	2	1,1
夫夫	2	2,0
大示	2	1,1
大田	2	1,1
大手	2	0,2
大巳	2	0,2
大工	2	1,1
大土	2	1,1
大十	2	1,1
大力	2	1,1
大人	2	2,0
大丨	2	2,0
夕大	2	1,1
夂田	2	2,0
夂卜	2	2,0
土鬼	2	2,0
土隹	2	2,0
土欠	2	1,1
土斤	2	2,0
土广	2	2,0
土八	2	2,0
土二	2	2,0
土不	2	2,0
土㇆	2	2,0
因人	2	1,1
四土	2	2,0
四十	2	2,0
口虫	2	2,0
口示	2	0,2
口矢	2	2,0
口甲	2	2,0
口牙	2	1,1
口爪	2	2,0
口火	2	2,0
口止	2	2,0
口扌	2	2,0
口彐	2	2,0
口幺	2	2,0
口山	2	1,1
口夫	2	0,2
口夂	2	2,0
口士	2	2,0
口因	2	2,0
口厂	2	2,0
口匚	2	2,0
口乚	2	1,1
口乂	2	1,1
口丿	2	2,0
口七	2	2,0
口丁	2	2,0
口⺈	2	2,0
口㇆	2	2,0
又目	2	0,2
又皿	2	0,2
又木	2	0,2
又寸	2	1,1
又一	2	0,2
厶隹	2	0,2
厶艹	2	1,1
厶牛	2	1,1
厶心	2	0,2
厶厶	2	2,0
厶力	2	0,2
厂艹	2	2,0
厂禾	2	2,0
厂力	2	1,1
厂亻	2	2,0
卜尸	2	2,0
卜又	2	0,2
卜冖	2	2,0
半言	2	1,1
半水	2	0,2
千艹	2	2,0
千日	2	2,0
十艹	2	2,0
十目	2	0,2
十戈	2	0,2
十力	2	2,0
十冖	2	2,0
十冂	2	2,0
十儿	2	1,1
㠯十	2	0,2
匚艹	2	2,0
匕艹	2	0,2
匕矢	2	2,0
勹灬	2	0,2
力刂	2	0,2
刂灬	2	0,2
刂心	2	0,2
刀貝	2	0,2
刀手	2	0,2
刀大	2	0,2
凵月	2	0,2
凵二	2	0,2
䒑凵	2	2,0
几攵	2	0,2
几口	2	0,2
几一	2	2,0
䒑几	2	0,2
冫馬	2	2,0
冫一	2	2,0
冖見	2	0,2
冖絲	2	0,2
冖牛	2	0,2
冖且	2	0,2
冖𧘇	2	1,1
冂半	2	0,2
冂冂	2	2,0
冂丶	2	0,2
八殳	2	0,2
八欠	2	0,2
八弓	2	0,2
八巳	2	0,2
八工	2	0,2
儿冫	2	0,2
亻言	2	2,0
亻至	2	2,0
亻羊	2	2,0
亻禾	2	2,0
亻牛	2	2,0
亻氏	2	2,0
亻方	2	2,0
亻户	2	2,0
亻彐	2	2,0
亻广	2	2,0
亻工	2	2,0
亻山	2	2,0
亻夕	2	2,0
亻夂	2	1,1
亻又	2	2,0
亻半	2	2,0
亻丶	2	2,0
亻三	2	2,0
亻㇕	2	2,0
亻㇆	2	2,0
㇕亻	2	0,2
人月	2	0,2
人户	2	2,0
人刂	2	0,2
亡月	2	2,0
亠田	2	2,0
亠日	2	2,0
亠亻	2	2,0
亠人	2	2,0
亠乂	2	2,0
二貝	2	0,2
二力	2	0,2
习白	2	0,2
乚灬	2	0,2
乚欠	2	0,2
之西	2	2,0
之艹	2	2,0
之犭	2	2,0
之木	2	2,0
之子	2	2,0
之大	2	2,0
之力	2	2,0
之冂	2	2,0
之人	2	2,0
之亠	2	2,0
之中	2	2,0
之⺈	2	2,0
乂見	2	0,2
乂大	2	2,0
丿虫	2	0,2
丿生	2	0,2
丿冂	2	0,2
丸土	2	0,2
丷弓	2	2,0
丷寸	2	0,2
丷口	2	2,0
丶艹	2	0,2
㇕丶	2	2,0
丰口	2	0,2
丰刀	2	2,0
中心	2	1,1
丬士	2	2,0
丨土	2	0,2
丨八	2	0,2
业日	2	0,2
业半	2	2,0
且小	2	2,0
且厶	2	2,0
不口	2	1,1
三殳	2	0,2
丁八	2	2,0
一虫	2	0,2
一自	2	2,0
一生	2	0,2
一火	2	1,1
一日	2	2,0
一弋	2	2,0
一巛	2	2,0
一小	2	0,2
一刂	2	0,2
一乚	2	2,0
一乂	2	1,1
一中	2	2,0
一䒑	2	0,2
一㠯	2	0,2
⺮氵	2	2,0
⺮月	2	2,0
⺮弓	2	2,0
⺮工	2	2,0
⺮土	2	2,0
⺮刂	2	2,0
⺮其	2	2,0
⺮亻	2	2,0
⺮丿	2	2,0
⺮一	2	2,0
⺮⺈	2	2,0
⺍冖	2	2,0
⺈厂	2	2,0
龍耳	1	1,0
龍廿	1	1,0
龍土	1	1,0
龍亠	1	1,0
齒足	1	1,0
齒艮	1	1,0
齒止	1	1,0
齒工	1	1,0
齒尸	1	1,0
齒勹	1	1,0
齒人	1	1,0
齒丿	1	1,0
齒且	1	1,0
鹿金	1	1,0
鹿身	1	1,0
鹿土	1	1,0
鹿几	1	1,0
鹿其	1	1,0
鹿㇕	1	1,0
鳥貝	1	0,1
鳥木	1	1,0
鳥宀	1	1,0
鳥亠	1	1,0
魚西	1	1,0
魚虎	1	1,0
魚艮	1	1,0
魚者	1	1,0
魚米	1	1,0
魚甲	1	1,0
魚田	1	1,0
魚王	1	1,0
魚尤	1	1,0
魚大	1	1,0
魚四	1	1,0
魚口	1	1,0
魚厂	1	1,0
魚勹	1	1,0
魚之	1	1,0
鬼釆	1	1,0
鬼米	1	1,0
鬼彡	1	1,0
鬼夂	1	1,0
鬼冫	1	1,0
鬼二	1	1,0
骨艹	1	1,0
骨殳	1	1,0
骨日	1	1,0
骨數	1	1,0
骨夂	1	1,0
骨十	1	1,0
骨之	1	1,0
馬西	1	1,0
馬虎	1	1,0
馬耳	1	1,0
馬由	1	1,0
馬田	1	1,0
馬川	1	1,0
馬宀	1	1,0
馬夂	1	1,0
馬口	1	1,0
馬厶	1	1,0
馬勹	1	1,0
馬亻	1	1,0
馬亠	1	1,0
馬也	1	1,0
馬乂	1	1,0
馬丶	1	1,0
馬丬	1	1,0
馬一	1	1,0
馬䒑	1	1,0
食鬼	1	1,0
食虫	1	1,0
食艹	1	1,0
食臼	1	1,0
食自	1	1,0
食耳	1	1,0
食田	1	1,0
食爪	1	1,0
食氏	1	1,0
食欠	1	1,0
食斤	1	1,0
食手	1	1,0
食幺	1	1,0
食宀	1	1,0
食土	1	1,0
食厶	1	1,0
食勹	1	1,0
食几	1	1,0
食人	1	1,0
食亠	1	1,0
食丿	1	1,0
食中	1	1,0
食七	1	1,0
食㇆	1	1,0
食䒑	1	1,0
風舌	1	1,0
風臼	1	1,0
風日	1	1,0
風厶	1	1,0
風且	1	1,0
頁口	1	0,1
䒑頁	1	0,1
革禾	1	1,0
革月	1	0,1
革日	1	1,0
革巴	1	1,0
革小	1	1,0
革宀	1	1,0
革土	1	1,0
革又	1	1,0
革勹	1	1,0
革力	1	1,0
革冂	1	1,0
革三	1	1,0
非車	1	1,0
非文	1	1,0
非心	1	1,0
非亠	1	1,0
非习	1	1,0
雨革	1	1,0
雨非	1	1,0
雨隹	1	1,0
雨辰	1	1,0
雨足	1	1,0
雨豸	1	1,0
雨言	1	1,0
雨臼	1	1,0
雨立	1	1,0
雨矢	1	1,0
雨日	1	1,0
雨文	1	1,0
雨彐	1	1,0
雨廴	1	1,0
雨尸	1	1,0
雨小	1	1,0
雨夂	1	1,0
雨口	1	1,0
雨又	1	1,0
雨勹	1	1,0
雨人	1	1,0
雨亠	1	1,0
雨二	1	1,0
雨㇕	1	1,0
隹隹	1	1,0
隹見	1	0,1
隹欠	1	0,1
隹木	1	1,0
隹月	1	0,1
隹戈	1	0,1
隹心	1	0,1
隹土	1	0,1
隹口	1	1,0
隹十	1	0,1
隹力	1	0,1
隹冂	1	1,0
阝龍	1	1,0
阝鬼	1	1,0
阝車	1	1,0
阝走	1	1,0
阝艮	1	1,0
阝示	1	1,0
阝白	1	1,0
阝爪	1	1,0
阝木	1	1,0
阝方	1	1,0
阝斤	1	1,0
阝小	1	1,0
阝夗	1	1,0
阝口	1	1,0
阝勹	1	1,0
阝亻	1	1,0
阝且	1	1,0
阝七	1	1,0
阝丁	1	1,0
阝䒑	1	1,0
䒑阝	1	0,1
㐄阝	1	0,1
門馬	1	1,0
門韋	1	1,0
門虫	1	1,0
門耳	1	1,0
門癶	1	1,0
門甲	1	1,0
門氵	1	1,0
門月	1	1,0
門文	1	1,0
門幺	1	1,0
門尸	1	1,0
門寸	1	1,0
門夂	1	1,0
門十	1	1,0
門八	1	1,0
門亻	1	1,0
門⺈	1	1,0
長彐	1	1,0
金鹿	1	1,0
金雨	1	1,0
金隹	1	1,0
金辛	1	1,0
金西	1	1,0
金艹	1	1,0
金艮	1	1,0
金自	1	1,0
金者	1	1,0
金羊	1	1,0
金穴	1	1,0
金甲	1	1,0
金由	1	1,0
金田	1	1,0
金甫	1	1,0
金甘	1	1,0
金爿	1	1,0
金爪	1	1,0
金烏	1	1,0
金欠	1	1,0
金木	1	1,0
金月	1	1,0
金方	1	1,0
金數	1	1,0
金彑	1	1,0
金彐	1	1,0
金廿	1	1,0
金廴	1	1,0
金川	1	1,0
金尸	1	1,0
金宀	1	1,0
金子	1	1,0
金夕	1	1,0
金士	1	1,0
金咼	1	1,0
金又	1	1,0
金卜	1	1,0
金几	1	1,0
金八	1	1,0
金亻	1	1,0
金之	1	1,0
金中	1	1,0
金且	1	1,0
金七	1	1,0
金丁	1	1,0
金一	1	1,0
金⺈	1	1,0
金㇕	1	1,0
釆由	1	1,0
釆大	1	0,1
釆四	1	1,0
釆又	1	1,0
酉鬼	1	1,0
酉者	1	1,0
酉禾	1	1,0
酉甘	1	1,0
酉牛	1	1,0
酉日	1	1,0
酉廿	1	1,0
酉广	1	1,0
酉己	1	1,0
酉大	1	1,0
酉夕	1	1,0
酉夂	1	1,0
酉因	1	1,0
酉厶	1	1,0
酉千	1	1,0
酉勹	1	1,0
酉二	1	1,0
酉乂	1	1,0
酉丶	1	1,0
酉丁	1	1,0
酉⺍	1	1,0
辰虫	1	1,0
辰月	1	1,0
辰口	1	1,0
辛絲	1	1,0
辛瓜	1	1,0
辛月	1	0,1
辛手	1	0,1
辛子	1	0,1
辛土	1	0,1
辛力	1	1,0
辛刂	1	1,0
辛刀	1	0,1
㠯辛	1	0,1
車至	1	1,0
車耳	1	1,0
車絲	1	1,0
車米	1	1,0
車由	1	1,0
車甫	1	1,0
車牛	1	1,0
車殳	1	0,1
車欠	1	1,0
車弋	1	1,0
車巛	1	1,0
車尸	1	1,0
車宀	1	1,0
車土	1	1,0
車口	1	1,0
車厂	1	1,0
車刀	1	1,0
車二	1	1,0
車九	1	1,0
車乚	1	1,0
車⺈	1	1,0
車㇕	1	1,0
身小	1	1,0
身几	1	1,0
足釆	1	1,0
足行	1	1,0
足艮	1	1,0
足耳	1	1,0
足羊	1	1,0
足矢	1	1,0
足皮	1	1,0
足癶	1	1,0
足牛	1	1,0
足氵	1	1,0
足水	1	1,0
足止	1	1,0
足廿	1	1,0
足广	1	1,0
足尸	1	1,0
足士	1	1,0
足土	1	1,0
足四	1	1,0
足口	1	1,0
足厶	1	1,0
足厂	1	1,0
足千	1	1,0
足匚	1	1,0
足勹	1	1,0
足几	1	1,0
足冂	1	1,0
足八	1	1,0
足习	1	1,0
足之	1	1,0
足丿	1	1,0
足业	1	1,0
足⺈	1	1,0
足䒑	1	1,0
走耳	1	1,0
走日	1	1,0
走戈	1	1,0
走己	1	1,0
走卜	1	1,0
走勹	1	1,0
走刀	1	1,0
走凵	1	1,0
走人	1	1,0
走乂	1	1,0
走一	1	1,0
走⺈	1	1,0
貝長	1	1,0
貝辰	1	1,0
貝者	1	1,0
貝立	1	1,0
貝甘	1	1,0
貝爿	1	1,0
貝日	1	1,0
貝斤	1	1,0
貝攵	1	1,0
貝广	1	1,0
貝寸	1	1,0
貝大	1	1,0
貝夂	1	1,0
貝士	1	1,0
貝厶	1	1,0
貝卜	1	1,0
貝十	1	1,0
貝勹	1	1,0
貝凡	1	0,1
貝人	1	1,0
貝亠	1	1,0
貝丿	1	1,0
貝丷	1	1,0
貝一	1	1,0
貝⺈	1	1,0
貝䒑	1	1,0
㇕貝	1	0,1
豸艹	1	1,0
豸白	1	1,0
豸甲	1	1,0
豸寸	1	1,0
豸夂	1	1,0
豸勹	1	1,0
豸刀	1	1,0
豸一	1	1,0
豕阝	1	0,1
豕者	1	1,0
豕土	1	0,1
言風	1	1,0
言韋	1	1,0
言非	1	1,0
言隹	1	1,0
言身	1	1,0
言西	1	1,0
言舌	1	1,0
言者	1	1,0
言癶	1	1,0
言田	1	1,0
言犭	1	1,0
言牙	1	1,0
言爪	1	1,0
言氏	1	1,0
言殳	1	1,0
言木	1	1,0
言方	1	1,0
言戊	1	1,0
言戈	1	1,0
言弋	1	1,0
言廴	1	1,0
言幺	1	1,0
言己	1	1,0
言川	1	1,0
言山	1	1,0
言寸	1	1,0
言夕	1	1,0
言土	1	1,0
言四	1	1,0
言卜	1	1,0
言勹	1	1,0
言几	1	1,0
言冫	1	1,0
言亻	1	1,0
言二	1	1,0
言习	1	1,0
言乙	1	1,0
言丿	1	1,0
言丷	1	1,0
言丰	1	1,0
言且	1	1,0
言上	1	1,0
言㇕	1	1,0
言㇆	1	1,0
見丶	1	0,1
䒑見	1	0,1
西行	1	1,0
西米	1	1,0
西日	1	1,0
衤鬼	1	1,0
衤辰	1	1,0
衤艹	1	1,0
衤自	1	1,0
衤臣	1	1,0
衤者	1	1,0
衤立	1	1,0
衤矢	1	1,0
衤皮	1	1,0
衤甲	1	1,0
衤由	1	1,0
衤甫	1	1,0
衤木	1	1,0
衤斤	1	1,0
衤數	1	1,0
衤彡	1	1,0
衤广	1	1,0
衤尹	1	1,0
衤小	1	1,0
衤寸	1	1,0
衤土	1	1,0
衤卜	1	1,0
衤勹	1	1,0
衤刀	1	1,0
衤八	1	1,0
衤习	1	1,0
衤之	1	1,0
衤丿	1	1,0
衤一	1	1,0
衤㇕	1	1,0
行韋	1	1,0
行非	1	1,0
行金	1	1,0
行走	1	1,0
行艮	1	1,0
行矢	1	1,0
行目	1	1,0
行皮	1	1,0
行白	1	1,0
行氵	1	1,0
行殳	1	1,0
行止	1	1,0
行木	1	1,0
行日	1	1,0
行方	1	1,0
行斤	1	1,0
行彐	1	1,0
行弓	1	1,0
行幺	1	1,0
行工	1	1,0
行因	1	1,0
行千	1	1,0
行十	1	1,0
行勹	1	1,0
行丶	1	1,0
行七	1	1,0
行⺈	1	1,0
行㇕	1	1,0
虫黽	1	1,0
虫馬	1	1,0
虫雨	1	1,0
虫釆	1	1,0
虫至	1	1,0
虫羊	1	1,0
虫立	1	1,0
虫禾	1	1,0
虫皿	1	0,1
虫白	1	1,0
虫田	1	1,0
虫甘	1	1,0
虫牛	1	1,0
虫木	1	1,0
虫文	1	1,0
虫數	1	1,0
虫手	1	1,0
虫户	1	1,0
虫弓	1	1,0
虫工	1	1,0
虫巛	1	1,0
虫小	1	1,0
虫子	1	1,0
虫夂	1	1,0
虫咼	1	1,0
虫又	1	1,0
虫厂	1	1,0
虫冫	1	1,0
虫冖	1	1,0
虫人	1	1,0
虫丘	1	1,0
虫且	1	1,0
虫丁	1	1,0
虫㇕	1	1,0
虎隹	1	1,0
虎文	1	1,0
虎心	1	1,0
虎彡	1	1,0
虎夂	1	1,0
虎口	1	1,0
虎力	1	1,0
艹頁	1	0,1
艹韋	1	1,0
艹非	1	1,0
艹雨	1	1,0
艹釆	1	1,0
艹酉	1	1,0
艹辛	1	1,0
艹車	1	1,0
艹豸	1	1,0
艹言	1	1,0
艹西	1	1,0
艹行	1	1,0
艹虫	1	1,0
艹虎	1	1,0
艹臼	1	1,0
艹臣	1	1,0
艹耳	1	1,0
艹穴	1	1,0
艹示	1	1,0
艹目	1	1,0
艹癶	1	1,0
艹牛	1	1,0
艹牙	1	1,0
艹爪	1	1,0
艹水	1	1,0
艹殳	1	1,0
艹止	1	1,0
艹木	1	1,0
艹月	1	1,0
艹斤	1	1,0
艹數	1	1,0
艹户	1	1,0
艹戊	1	1,0
艹戈	1	1,0
艹廿	1	1,0
艹幺	1	1,0
艹巴	1	1,0
艹夫	1	1,0
艹夕	1	1,0
艹士	1	1,0
艹咼	1	1,0
艹又	1	1,0
艹厶	1	1,0
艹厂	1	1,0
艹匚	1	1,0
艹凵	1	1,0
艹八	1	1,0
艹乙	1	1,0
艹乂	1	1,0
艹丰	1	1,0
艹丬	1	1,0
艹上	1	1,0
舟見	1	1,0
舟臼	1	1,0
舟臣	1	1,0
舟皿	1	1,0
舟白	1	1,0
舟方	1	1,0
舟斤	1	1,0
舟廴	1	1,0
舟山	1	1,0
舟宀	1	1,0
舟几	1	1,0
舌辛	1	1,0
舌自	1	1,0
舌甘	1	1,0
舌氏	1	1,0
舌攵	1	1,0
舌刂	1	1,0
舌乚	1	1,0
舌一	1	1,0
臼車	1	1,0
臼田	1	1,0
臼水	1	1,0
臼工	1	1,0
臼土	1	1,0
臼丨	1	1,0
至春	1	1,0
自米	1	1,0
自木	1	1,0
自寸	1	0,1
自大	1	1,0
自丿	1	1,0
臣頁	1	1,0
臣巳	1	1,0
臣卜	1	1,0
臣人	1	1,0
耳鬼	1	1,0
耳立	1	1,0
耳由	1	1,0
耳王	1	1,0
耳火	1	1,0
耳氏	1	1,0
耳止	1	1,0
耳心	1	1,0
耳幺	1	1,0
耳人	1	1,0
耳丷	1	1,0
耳䒑	1	1,0
而寸	1	1,0
而女	1	1,0
者灬	1	1,0
羊禾	1	1,0
羊目	1	1,0
羊皿	1	1,0
羊氵	1	1,0
羊日	1	1,0
羊手	1	1,0
羊心	1	1,0
羊川	1	1,0
羊女	1	1,0
羊凡	1	0,1
羊冫	1	1,0
羊儿	1	1,0
羊人	1	1,0
羊亠	1	1,0
羊习	1	1,0
羊丶	1	1,0
羊㇕	1	1,0
羊䒑	1	1,0
絲黽	1	1,0
絲鬼	1	1,0
絲韋	1	1,0
絲金	1	0,1
絲貝	1	1,0
絲行	1	1,0
絲虫	1	0,1
絲艹	1	0,1
絲至	1	1,0
絲臣	1	1,0
絲者	1	1,0
絲羊	1	1,0
絲立	1	1,0
絲禾	1	1,0
絲石	1	1,0
絲矢	1	1,0
絲申	1	1,0
絲甫	1	1,0
絲氏	1	1,0
絲月	1	1,0
絲方	1	1,0
絲文	1	1,0
絲數	1	1,0
絲手	1	0,1
絲户	1	1,0
絲戊	1	1,0
絲广	1	1,0
絲幺	1	1,0
絲己	1	1,0
絲小	1	1,0
絲寸	1	1,0
絲子	1	0,1
絲因	1	1,0
絲四	1	1,0
絲卜	1	1,0
絲半	1	1,0
絲十	1	1,0
絲匕	1	1,0
絲刂	1	1,0
絲八	1	1,0
絲亻	1	1,0
絲二	1	1,0
絲习	1	1,0
絲之	1	1,0
絲且	1	1,0
絲三	1	1,0
絲一	1	1,0
絲⺈	1	1,0
絲㇆	1	1,0
米雨	1	1,0
米羊	1	1,0
米立	1	1,0
米田	1	1,0
米日	1	1,0
米廿	1	1,0
米宀	1	1,0
米子	1	1,0
米夕	1	1,0
米卜	1	1,0
米十	1	1,0
米冫	1	1,0
米八	1	1,0
米亠	1	1,0
米之	1	1,0
米丶	1	1,0
米丰	1	1,0
米且	1	1,0
米一	1	1,0
立風	1	1,0
立豕	1	1,0
立甲	1	1,0
立山	1	1,0
立厶	1	1,0
立卜	1	1,0
立丰	1	1,0
穴鬼	1	1,0
穴阝	1	1,0
穴釆	1	1,0
穴身	1	1,0
穴臼	1	1,0
穴至	1	1,0
穴羊	1	1,0
穴矢	1	1,0
穴白	1	1,0
穴牙	1	1,0
穴日	1	1,0
穴方	1	0,1
穴弓	1	1,0
穴幺	1	1,0
穴巾	1	1,0
穴尹	1	1,0
穴尸	1	1,0
穴夫	1	1,0
穴大	1	1,0
穴士	1	1,0
穴咼	1	1,0
穴力	1	1,0
穴人	1	1,0
穴二	1	1,0
穴九	1	1,0
穴七	1	1,0
禾隹	1	1,0
禾車	1	1,0
禾艹	1	1,0
禾白	1	1,0
禾田	1	1,0
禾牛	1	1,0
禾殳	1	0,1
禾心	1	1,0
禾彐	1	1,0
禾山	1	1,0
禾尤	1	1,0
禾宀	1	1,0
禾夕	1	1,0
禾士	1	1,0
禾厶	1	1,0
禾千	1	1,0
禾勹	1	1,0
禾冫	1	1,0
禾八	1	1,0
禾亠	1	1,0
禾乂	1	1,0
禾丷	1	1,0
禾丰	1	1,0
禾中	1	1,0
禾丬	1	1,0
禾且	1	1,0
禾丁	1	1,0
禾㇆	1	1,0
礻阝	1	1,0
礻見	1	1,0
礻羊	1	1,0
礻矢	1	1,0
礻申	1	1,0
礻止	1	1,0
礻日	1	1,0
礻斤	1	1,0
礻心	1	1,0
礻彑	1	1,0
礻彐	1	1,0
礻巳	1	1,0
礻大	1	1,0
礻土	1	1,0
礻咼	1	1,0
礻卜	1	1,0
礻其	1	1,0
礻乚	1	1,0
礻丷	1	1,0
礻丰	1	1,0
礻且	1	1,0
礻㇆	1	1,0
石鬼	1	1,0
石馬	1	1,0
石頁	1	1,0
石隹	1	1,0
石車	1	1,0
石見	1	1,0
石羊	1	1,0
石絲	1	1,0
石米	1	1,0
石皮	1	1,0
石白	1	1,0
石癶	1	1,0
石申	1	1,0
石牛	1	1,0
石水	1	1,0
石欠	1	1,0
石木	1	1,0
石月	1	1,0
石日	1	1,0
石斤	1	1,0
石戊	1	1,0
石彐	1	1,0
石山	1	1,0
石尸	1	1,0
石宀	1	1,0
石夕	1	1,0
石厂	1	1,0
石卜	1	1,0
石匚	1	1,0
石匕	1	1,0
石凵	1	1,0
石凡	1	1,0
石冖	1	1,0
石二	1	1,0
石丿	1	1,0
石七	1	1,0
石丁	1	1,0
石⺈	1	1,0
矢隹	1	1,0
矢禾	1	1,0
矢日	1	1,0
矢匚	1	1,0
矢力	1	0,1
矢也	1	0,1
矢一	1	1,0
矢㐄	1	1,0
目龍	1	1,0
目鬼	1	1,0
目西	1	1,0
目艮	1	1,0
目臼	1	1,0
目者	1	1,0
目米	1	1,0
目立	1	1,0
目禾	1	1,0
目目	1	1,0
目爿	1	1,0
目氵	1	1,0
目木	1	1,0
目廿	1	1,0
目巳	1	1,0
目小	1	1,0
目宀	1	1,0
目夂	1	0,1
目厶	1	1,0
目千	1	1,0
目匚	1	1,0
目冖	1	1,0
目八	1	1,0
目人	1	1,0
目亠	1	1,0
目二	1	1,0
目之	1	1,0
目丿	1	1,0
目丰	1	1,0
目七	1	1,0
目丁	1	1,0
目一	1	1,0
目㇕	1	1,0
皿頁	1	0,1
皮頁	1	1,0
皮勹	1	1,0
白鬼	1	1,0
白牛	1	1,0
白氏	1	1,0
白斤	1	1,0
白弓	1	0,1
白幺	1	1,0
白山	1	1,0
白小	1	0,1
白宀	1	1,0
白大	1	1,0
白勹	1	1,0
白儿	1	0,1
白亠	1	1,0
白七	1	1,0
癶弓	1	1,0
疒魚	1	1,0
疒鬼	1	1,0
疒風	1	1,0
疒非	1	1,0
疒阝	1	1,0
疒行	1	1,0
疒虎	1	1,0
疒艮	1	1,0
疒臼	1	1,0
疒自	1	1,0
疒立	1	1,0
疒皮	1	1,0
疒田	1	1,0
疒甘	1	1,0
疒氵	1	1,0
疒氏	1	1,0
疒殳	1	1,0
疒止	1	1,0
疒木	1	1,0
疒方	1	1,0
疒廿	1	1,0
疒巴	1	1,0
疒山	1	1,0
疒尸	1	1,0
疒大	1	1,0
疒夂	1	1,0
疒士	1	1,0
疒土	1	1,0
疒口	1	1,0
疒匚	1	1,0
疒力	1	1,0
疒亻	1	1,0
疒亠	1	1,0
疒了	1	1,0
疒且	1	1,0
疒不	1	1,0
申日	1	1,0
申㇆	1	1,0
甲鳥	1	1,0
甲艹	1	1,0
由阝	1	1,0
由月	1	1,0
由冂	1	1,0
由了	1	0,1
田廿	1	1,0
田川	1	1,0
田夂	1	1,0
田士	1	1,0
田半	1	1,0
田匕	1	1,0
田刂	1	0,1
田八	1	1,0
田丰	1	1,0
田一	1	0,1
甫方	1	1,0
生田	1	1,0
生刂	1	0,1
𧘇瓜	1	0,1
王龍	1	1,0
王鬼	1	1,0
王馬	1	1,0
王頁	1	1,0
王豕	1	1,0
王見	1	1,0
王立	1	1,0
王禾	1	1,0
王皮	1	1,0
王甲	1	1,0
王牛	1	1,0
王牙	1	1,0
王爪	1	1,0
王氵	1	1,0
王木	1	1,0
王日	1	1,0
王戈	1	0,1
王廿	1	1,0
王幺	1	1,0
王巛	1	1,0
王山	1	1,0
王小	1	1,0
王寸	1	1,0
王夕	1	1,0
王四	1	1,0
王口	1	1,0
王厶	1	1,0
王卜	1	1,0
王十	1	1,0
王刂	1	1,0
王几	1	1,0
王冖	1	1,0
王冂	1	1,0
王其	1	1,0
王亻	1	1,0
王二	1	1,0
王丷	1	0,1
王不	1	1,0
王㇕	1	1,0
犭骨	1	1,0
犭貝	1	1,0
犭言	1	1,0
犭虫	1	1,0
犭艮	1	1,0
犭者	1	1,0
犭立	1	1,0
犭瓜	1	1,0
犭爪	1	1,0
犭木	1	1,0
犭廿	1	1,0
犭广	1	1,0
犭巳	1	1,0
犭巛	1	1,0
犭尤	1	1,0
犭子	1	1,0
犭大	1	1,0
犭土	1	1,0
犭口	1	1,0
犭厂	1	1,0
犭勹	1	1,0
犭刂	1	1,0
犭亻	1	1,0
犭亠	1	1,0
犭二	1	1,0
犭丿	1	1,0
犭丷	1	1,0
犭丶	1	1,0
犭丰	1	1,0
犭且	1	1,0
犭⺈	1	1,0
牛西	1	1,0
牛虫	1	0,1
牛羊	1	1,0
牛生	1	1,0
牛氏	1	1,0
牛止	1	1,0
牛攵	1	1,0
牛大	1	1,0
牛士	1	1,0
牛十	1	1,0
牛匕	1	1,0
牛勹	1	1,0
牛亠	1	1,0
牛也	1	1,0
牙鳥	1	1,0
牙隹	1	1,0
片鬼	1	1,0
片斤	1	1,0
片户	1	1,0
片廿	1	1,0
片士	1	1,0
爿臣	1	0,1
爿女	1	1,0
爿大	1	1,0
爿土	1	1,0
爪見	1	1,0
爪牛	1	1,0
爪巴	1	1,0
爪四	1	1,0
爪一	1	1,0
灬鳥	1	0,1
灬頁	1	0,1
灬攵	1	0,1
灬土	1	0,1
䒑灬	1	0,1
火頁	1	1,0
火西	1	1,0
火虫	1	1,0
火虎	1	1,0
火臼	1	1,0
火自	1	1,0
火者	1	1,0
火羊	1	1,0
火米	1	1,0
火穴	1	1,0
火矢	1	1,0
火癶	1	1,0
火甘	1	1,0
火氏	1	1,0
火欠	1	1,0
火木	1	1,0
火戈	1	1,0
火廿	1	1,0
火山	1	1,0
火小	1	1,0
火大	1	1,0
火夕	1	1,0
火因	1	1,0
火四	1	1,0
火口	1	1,0
火又	1	0,1
火卜	1	1,0
火千	1	1,0
火匚	1	1,0
火冂	1	1,0
火人	1	1,0
火之	1	1,0
火七	1	1,0
火丁	1	1,0
火一	1	1,0
火䒑	1	1,0
氵魚	1	1,0
氵骨	1	1,0
氵雨	1	1,0
氵釆	1	1,0
氵酉	1	1,0
氵車	1	1,0
氵虫	1	1,0
氵艮	1	1,0
氵自	1	1,0
氵臣	1	1,0
氵耳	1	1,0
氵者	1	1,0
氵穴	1	1,0
氵矢	1	1,0
氵甲	1	1,0
氵由	1	1,0
氵甘	1	1,0
氵王	1	1,0
氵犭	1	1,0
氵片	1	1,0
氵火	1	1,0
氵气	1	1,0
氵殳	1	1,0
氵春	1	1,0
氵斤	1	1,0
氵扌	1	1,0
氵手	1	1,0
氵廴	1	1,0
氵巳	1	1,0
氵川	1	1,0
氵巛	1	1,0
氵女	1	1,0
氵夫	1	1,0
氵夕	1	1,0
氵咼	1	1,0
氵力	1	1,0
氵刂	1	1,0
氵几	1	1,0
氵亻	1	1,0
氵亡	1	1,0
氵二	1	1,0
氵习	1	1,0
氵也	1	1,0
氵九	1	1,0
氵乚	1	1,0
氵乙	1	1,0
氵之	1	1,0
氵丷	1	1,0
氵且	1	1,0
氵上	1	1,0
氵⺍	1	1,0
水刂	1	0,1
气羊	1	1,0
气火	1	1,0
气彐	1	1,0
气弓	1	1,0
气宀	1	1,0
气八	1	1,0
气亠	1	1,0
气一	1	1,0
气㇕	1	1,0
气㇆	1	1,0
氏刀	1	1,0
氏一	1	1,0
毛火	1	1,0
毛廴	1	1,0
毛卜	1	1,0
母大	1	1,0
殳金	1	0,1
殳酉	1	0,1
殳耳	1	0,1
殳絲	1	0,1
殳石	1	0,1
殳月	1	0,1
殳手	1	0,1
殳心	1	0,1
㇆殳	1	0,1
止鳥	1	0,1
止頁	1	0,1
止耳	1	0,1
止止	1	0,1
止戊	1	1,0
止十	1	1,0
欠皿	1	0,1
欠口	1	0,1
木魚	1	1,0
木風	1	1,0
木非	1	0,1
木辛	1	1,0
木身	1	1,0
木貝	1	1,0
木見	1	0,1
木行	1	1,0
木耳	1	1,0
木立	1	1,0
木癶	1	1,0
木由	1	1,0
木王	1	1,0
木牛	1	1,0
木灬	1	1,0
木氵	1	1,0
木方	1	1,0
木數	1	1,0
木攵	1	1,0
木手	1	0,1
木彐	1	1,0
木廿	1	1,0
木廴	1	1,0
木巴	1	1,0
木己	1	1,0
木子	1	1,0
木夂	1	1,0
木因	1	1,0
木厶	1	1,0
木厂	1	1,0
木力	1	0,1
木几	1	1,0
木其	1	1,0
木亻	1	1,0
木二	1	1,0
木之	1	1,0
木业	1	1,0
木不	1	1,0
木上	1	1,0
木七	1	1,0
木丁	1	1,0
木⺮	1	1,0
木䒑	1	1,0
㇕木	1	0,1
月龍	1	1,0
月鳥	1	0,1
月鬼	1	1,0
月長	1	1,0
月豕	1	1,0
月西	1	1,0
月虎	1	1,0
月羊	1	1,0
月立	1	1,0
月穴	1	1,0
月矢	1	1,0
月白	1	1,0
月甲	1	1,0
月田	1	1,0
月生	1	1,0
月殳	1	1,0
月木	1	1,0
月方	1	1,0
月斤	1	1,0
月文	1	1,0
月弋	1	1,0
月廿	1	1,0
月廴	1	1,0
月巴	1	1,0
月工	1	1,0
月寸	1	1,0
月夂	1	1,0
月士	1	1,0
月因	1	1,0
月口	1	1,0
月厶	1	1,0
月千	1	1,0
月匕	1	1,0
月几	1	1,0
月冖	1	1,0
月二	1	1,0
月习	1	1,0
月乚	1	1,0
月之	1	1,0
月丷	1	1,0
月丶	1	1,0
月中	1	1,0
月不	1	1,0
月七	1	1,0
月㇆	1	1,0
月䒑	1	1,0
春虫	1	1,0
春臼	1	1,0
春水	1	1,0
春一	1	1,0
日辰	1	1,0
日西	1	1,0
日自	1	1,0
日耳	1	1,0
日者	1	1,0
日羊	1	1,0
日申	1	1,0
日王	1	1,0
日氏	1	1,0
日廿	1	1,0
日幺	1	1,0
日工	1	1,0
日宀	1	1,0
日因	1	1,0
日匕	1	1,0
日冖	1	1,0
日丰	1	1,0
日且	1	1,0
日⺈	1	1,0
日㇕	1	1,0
日𧘇	1	0,1
方人	1	1,0
斤虎	1	0,1
斤氏	1	0,1
斤斤	1	1,0
文而	1	1,0
文絲	1	1,0
文口	1	1,0
文一	1	1,0
攵黽	1	0,1
攵魚	1	0,1
攵貝	1	0,1
攵言	1	0,1
攵虫	1	0,1
攵艹	1	0,1
攵耳	1	0,1
攵絲	1	0,1
攵目	1	0,1
攵手	1	0,1
攵弓	1	0,1
攵巾	1	0,1
扌龍	1	1,0
扌鳥	1	1,0
扌非	1	1,0
扌雨	1	1,0
扌釆	1	1,0
扌辰	1	1,0
扌足	1	1,0
扌舟	1	1,0
扌舌	1	1,0
扌臣	1	1,0
扌者	1	1,0
扌羊	1	1,0
扌米	1	1,0
扌禾	1	1,0
扌石	1	1,0
扌目	1	1,0
扌皮	1	1,0
扌甲	1	1,0
扌由	1	1,0
扌火	1	1,0
扌氵	1	1,0
扌毛	1	1,0
扌母	1	1,0
扌殳	1	1,0
扌止	1	1,0
扌木	1	1,0
扌文	1	1,0
扌戊	1	1,0
扌弓	1	1,0
扌弋	1	1,0
扌廴	1	1,0
扌幺	1	1,0
扌巴	1	1,0
扌士	1	1,0
扌十	1	1,0
扌力	1	0,1
扌刂	1	1,0
扌凵	1	1,0
扌冫	1	1,0
扌冂	1	1,0
扌其	1	1,0
扌习	1	1,0
扌九	1	1,0
扌之	1	1,0
扌丿	1	1,0
扌丷	1	1,0
扌丶	1	1,0
扌业	1	1,0
扌七	1	1,0
扌⺍	1	1,0
手目	1	1,0
手八	1	1,0
手一	1	1,0
户非	1	1,0
户月	1	1,0
户方	1	1,0
户攵	1	1,0
户大	1	1,0
户习	1	1,0
戈刂	1	1,0
䒑戈	1	0,1
𧘇戈	1	0,1
忄鬼	1	1,0
忄雨	1	1,0
忄門	1	1,0
忄長	1	1,0
忄車	1	1,0
忄貝	1	1,0
忄西	1	1,0
忄舌	1	1,0
忄自	1	1,0
忄耳	1	1,0
忄米	1	1,0
忄目	1	1,0
忄生	1	1,0
忄气	1	1,0
忄母	1	1,0
忄戊	1	1,0
忄廿	1	1,0
忄工	1	1,0
忄巛	1	1,0
忄山	1	1,0
忄尤	1	1,0
忄寸	1	1,0
忄宀	1	1,0
忄夂	1	1,0
忄因	1	1,0
忄四	1	1,0
忄又	1	1,0
忄卜	1	1,0
忄千	1	1,0
忄匚	1	1,0
忄勹	1	1,0
忄冖	1	1,0
忄八	1	1,0
忄亡	1	1,0
忄乙	1	1,0
忄丿	1	1,0
忄且	1	1,0
忄不	1	1,0
忄⺈	1	1,0
忄㇕	1	1,0
心心	1	0,1
彡皿	1	0,1
彡戈	1	0,1
彡心	1	0,1
彡丶	1	0,1
彑米	1	1,0
彑冖	1	1,0
彐用	1	0,1
彐片	1	1,0
彐火	1	1,0
彐工	1	1,0
彐川	1	1,0
彐寸	1	1,0
彐冖	1	1,0
彐一	1	1,0
弓耳	1	1,0
弓米	1	1,0
弓瓜	1	1,0
弓土	1	1,0
弓亠	1	1,0
弓也	1	1,0
弓丷	1	1,0
弓丁	1	1,0
弓一	1	1,0
弓⺈	1	1,0
弋鳥	1	1,0
弋二	1	1,0
廿由	1	1,0
廿木	1	0,1
廿月	1	1,0
廿巾	1	0,1
廿冖	1	1,0
廿一	1	1,0
廴彐	1	1,0
广龍	1	1,0
广貝	1	1,0
广虎	1	1,0
广臼	1	1,0
广耳	1	1,0
广羊	1	1,0
广癶	1	1,0
广由	1	1,0
广氏	1	1,0
广户	1	1,0
广廴	1	1,0
广小	1	1,0
广士	1	1,0
广又	1	1,0
广卜	1	1,0
广十	1	1,0
广匕	1	1,0
广勹	1	1,0
广其	1	1,0
广人	1	1,0
广亠	1	1,0
广习	1	1,0
广乚	1	1,0
广丶	1	1,0
广一	1	1,0
广⺍	1	1,0
广䒑	1	1,0
幺心	1	0,1
幺子	1	0,1
幺土	1	0,1
幺乚	1	0,1
幺㇆	1	1,0
巾隹	1	1,0
巾長	1	1,0
巾白	1	1,0
巾因	1	1,0
巾凡	1	1,0
巾一	1	1,0
巳艹	1	1,0
巳巳	1	1,0
巳寸	1	1,0
巳刂	1	0,1
己攵	1	1,0
己心	1	1,0
工水	1	1,0
工殳	1	0,1
工攵	1	1,0
工人	1	1,0
川頁	1	1,0
川小	1	0,1
川刂	1	0,1
巛火	1	1,0
巛口	1	1,0
山鳥	1	0,1
山風	1	1,0
山車	1	1,0
山貝	1	0,1
山臼	1	1,0
山穴	1	1,0
山禾	1	1,0
山石	1	1,0
山矢	1	1,0
山癶	1	1,0
山由	1	1,0
山甘	1	1,0
山犭	1	1,0
山爪	1	1,0
山月	1	1,0
山日	1	1,0
山手	1	1,0
山巳	1	1,0
山尸	1	1,0
山小	1	1,0
山宀	1	1,0
山夂	1	1,0
山口	1	1,0
山厶	1	1,0
山刂	1	0,1
山冂	1	1,0
山八	1	1,0
山亠	1	1,0
山二	1	1,0
山㇆	1	1,0
尸艹	1	1,0
尸者	1	1,0
尸由	1	1,0
尸數	1	1,0
尸巾	1	1,0
尸小	1	1,0
尸子	1	1,0
尸土	1	1,0
尸凵	1	1,0
尸二	1	1,0
尸丿	1	1,0
尸丷	1	1,0
尸一	1	1,0
尸㇆	1	1,0
尸䒑	1	1,0
尤臣	1	1,0
尤刂	1	1,0
尤人	1	1,0
小足	1	0,1
小大	1	1,0
小土	1	1,0
寸酉	1	0,1
寸火	1	0,1
寸水	1	0,1
寸木	1	0,1
寸心	1	0,1
寸口	1	1,0
宀龍	1	1,0
宀釆	1	1,0
宀辰	1	1,0
宀臼	1	1,0
宀至	1	1,0
宀臣	1	1,0
宀石	1	1,0
宀由	1	1,0
宀火	1	1,0
宀母	1	1,0
宀木	1	1,0
宀小	1	1,0
宀子	1	1,0
宀冫	1	1,0
宀亻	1	1,0
宀习	1	1,0
宀丿	1	1,0
宀丬	1	1,0
宀丘	1	1,0
宀上	1	1,0
子鳥	1	0,1
子雨	1	1,0
子小	1	1,0
子亠	1	1,0
子丿	1	1,0
子丸	1	0,1
女馬	1	1,0
女雨	1	1,0
女阝	1	1,0
女門	1	1,0
女辰	1	1,0
女西	1	1,0
女臼	1	1,0
女至	1	1,0
女自	1	1,0
女臣	1	1,0
女者	1	1,0
女矢	1	1,0
女疒	1	1,0
女甲	1	1,0
女由	1	1,0
女田	1	1,0
女生	1	1,0
女爪	1	1,0
女氵	1	1,0
女氏	1	1,0
女母	1	1,0
女木	1	1,0
女日	1	1,0
女方	1	1,0
女手	1	1,0
女户	1	1,0
女广	1	1,0
女己	1	1,0
女子	1	1,0
女大	1	1,0
女士	1	1,0
女土	1	1,0
女匚	1	1,0
女匕	1	1,0
女勹	1	1,0
女刀	1	1,0
女冂	1	1,0
女二	1	1,0
女也	1	1,0
女丷	1	1,0
女丶	1	1,0
女丰	1	1,0
女且	1	1,0
女㇆	1	1,0
夫艮	1	0,1
夫日	1	0,1
大馬	1	0,1
大長	1	1,0
大者	1	1,0
大絲	1	0,1
大石	1	0,1
大心	1	0,1
大寸	1	1,0
大匚	1	1,0
大冖	1	1,0
大乂	1	1,0
大丁	1	1,0
夗鳥	1	1,0
夗心	1	1,0
夕食	1	1,0
夕皮	1	0,1
夕火	1	1,0
夕宀	1	1,0
夕夫	1	0,1
夕卜	1	1,0
夂月	1	0,1
夂彡	1	0,1
士貝	1	0,1
士示	1	1,0
士四	1	1,0
士几	1	0,1
士㇕	1	1,0
土雨	1	1,0
土車	1	1,0
土貝	1	1,0
土虎	1	1,0
土艹	1	1,0
土艮	1	1,0
土者	1	1,0
土皮	1	1,0
土申	1	1,0
土甲	1	1,0
土田	1	1,0
土甫	1	1,0
土甘	1	1,0
土烏	1	1,0
土止	1	1,0
土木	1	1,0
土方	1	1,0
土文	1	1,0
土戊	1	1,0
土戈	1	1,0
土巳	1	1,0
土尸	1	1,0
土大	1	1,0
土厂	1	1,0
土匚	1	1,0
土勹	1	1,0
土几	1	1,0
土冖	1	1,0
土冂	1	1,0
土其	1	1,0
土人	1	1,0
土也	1	1,0
土丿	1	1,0
土丷	1	1,0
土丁	1	1,0
土㇕	1	1,0
因韋	1	1,0
因車	1	1,0
因甫	1	1,0
因王	1	1,0
因戈	1	1,0
因工	1	1,0
因寸	1	1,0
因夂	1	1,0
因土	1	1,0
因半	1	1,0
因十	1	1,0
因二	1	1,0
因七	1	1,0
因一	1	1,0
四馬	1	1,0
四革	1	1,0
四非	1	1,0
四金	1	0,1
四言	1	1,0
四絲	1	1,0
四方	1	0,1
四忄	1	1,0
四心	1	0,1
四厶	1	1,0
四卜	1	1,0
四勹	1	1,0
四亻	1	1,0
口龍	1	1,0
口魚	1	1,0
口非	1	1,0
口雨	1	1,0
口車	1	1,0
口言	1	1,0
口西	1	1,0
口艮	1	1,0
口羊	1	1,0
口絲	1	1,0
口米	1	1,0
口立	1	1,0
口皿	1	0,1
口白	1	1,0
口甫	1	1,0
口瓜	1	1,0
口牛	1	1,0
口烏	1	1,0
口氵	1	1,0
口殳	1	0,1
口方	1	1,0
口斤	1	1,0
口數	1	1,0
口户	1	1,0
口戊	1	1,0
口戈	1	0,1
口彡	1	0,1
口广	1	1,0
口展	1	0,1
口女	1	1,0
口夕	1	1,0
口千	1	1,0
口匕	1	1,0
口几	1	1,0
口其	1	1,0
口二	1	1,0
口业	1	1,0
口且	1	1,0
口不	1	1,0
口⺮	1	1,0
㇆口	1	0,1
又鳥	1	1,0
又食	1	0,1
又阝	1	1,0
又辛	1	0,1
又貝	1	0,1
又豕	1	0,1
又見	1	1,0
又艮	1	1,0
又絲	1	0,1
又米	1	0,1
又欠	1	1,0
又月	1	0,1
又戈	1	1,0
又力	1	1,0
又乚	1	0,1
厶足	1	0,1
厶日	1	0,1
厶土	1	0,1
厶冂	1	0,1
厶八	1	1,0
厶𧘇	1	0,1
厂貝	1	1,0
厂甲	1	1,0
厂牛	1	0,1
厂木	1	1,0
厂彡	1	0,1
厂廿	1	1,0
厂大	1	1,0
厂土	1	1,0
厂人	1	1,0
厂丁	1	1,0
厂䒑	1	1,0
卜工	1	0,1
卜夕	1	1,0
卜乚	1	0,1
半豕	1	1,0
半目	1	1,0
半斤	1	1,0
半手	1	1,0
半刂	1	1,0
半刀	1	1,0
半丸	1	0,1
千四	1	1,0
千丬	1	1,0
十貝	1	0,1
十甫	1	1,0
十彡	1	0,1
十丷	1	1,0
十㇕	1	1,0
匚非	1	1,0
匚甲	1	1,0
匚氵	1	1,0
匚斤	1	1,0
匚户	1	1,0
匚巾	1	1,0
匚儿	1	1,0
匚中	1	1,0
匕頁	1	1,0
匕貝	1	0,1
匕禾	1	1,0
匕心	1	0,1
匕彡	1	0,1
匕土	1	0,1
匕刂	1	0,1
勹田	1	1,0
勹甫	1	1,0
勹二	1	1,0
勹乂	1	1,0
勹一	1	1,0
力月	1	0,1
力又	1	0,1
刂見	1	0,1
刂手	1	0,1
刂彐	1	1,0
刂巾	1	1,0
刂土	1	0,1
刂刀	1	0,1
刂一	1	1,0
䒑刂	1	0,1
刀絲	1	0,1
刀二	1	1,0
凵頁	1	0,1
凵隹	1	0,1
凵阝	1	0,1
凵皮	1	0,1
凵攵	1	1,0
凵一	1	1,0
凡木	1	0,1
几白	1	1,0
几殳	1	0,1
几又	1	1,0
几乂	1	1,0
冫隹	1	1,0
冫水	1	1,0
冫木	1	1,0
冫春	1	1,0
冫戊	1	1,0
冫土	1	1,0
冫口	1	1,0
冫厶	1	1,0
冫匕	1	1,0
冫冂	1	1,0
冫人	1	1,0
冫中	1	1,0
冫七	1	1,0
冫⺈	1	1,0
冫㇕	1	1,0
㇕冫	1	1,0
冖鳥	1	0,1
冖虫	1	0,1
冖至	1	0,1
冖目	1	0,1
冖王	1	0,1
冖毛	1	0,1
冖木	1	0,1
冖日	1	1,0
冖夕	1	0,1
冖八	1	1,0
冖二	1	1,0
冖一	1	1,0
冖⺈	1	1,0
冂示	1	0,1
冂廿	1	1,0
冂尤	1	0,1
其欠	1	1,0
其月	1	1,0
其土	1	1,0
其冖	1	1,0
八馬	1	0,1
八貝	1	0,1
八虫	1	0,1
八艹	1	0,1
八者	1	0,1
八米	1	0,1
八目	1	0,1
八攵	1	0,1
八戈	1	0,1
八心	1	0,1
八山	1	0,1
八又	1	0,1
八冫	1	0,1
八了	1	1,0
䒑八	1	1,0
儿頁	1	0,1
儿幺	1	1,0
儿寸	1	0,1
儿力	1	0,1
儿刂	1	0,1
㇕儿	1	0,1
亻韋	1	1,0
亻非	1	1,0
亻雨	1	1,0
亻門	1	1,0
亻長	1	1,0
亻車	1	1,0
亻足	1	1,0
亻貝	1	1,0
亻西	1	1,0
亻艹	1	1,0
亻臼	1	1,0
亻者	1	1,0
亻穴	1	1,0
亻白	1	1,0
亻申	1	1,0
亻甲	1	1,0
亻甫	1	1,0
亻用	1	1,0
亻爪	1	1,0
亻火	1	1,0
亻氵	1	1,0
亻春	1	1,0
亻手	1	1,0
亻弓	1	1,0
亻廴	1	1,0
亻尹	1	1,0
亻尤	1	1,0
亻子	1	1,0
亻夫	1	1,0
亻因	1	1,0
亻千	1	1,0
亻匚	1	1,0
亻勹	1	1,0
亻力	1	1,0
亻刂	1	0,1
亻刀	1	1,0
亻几	1	1,0
亻也	1	1,0
亻九	1	1,0
亻乙	1	1,0
亻中	1	1,0
亻业	1	1,0
亻且	1	1,0
亻七	1	1,0
亻䒑	1	1,0
人頁	1	0,1
人車	1	0,1
人見	1	0,1
人目	1	0,1
人木	1	0,1
人攵	1	0,1
人心	1	0,1
人夕	1	0,1
人力	1	0,1
人亠	1	1,0
人丨	1	1,0
人䒑	1	1,0
亡目	1	1,0
亡心	1	1,0
亡巳	1	1,0
亡女	1	1,0
亠土	1	1,0
亠卜	1	1,0
亠中	1	1,0
二山	1	1,0
二乚	1	1,0
二⺈	1	1,0
了頁	1	0,1
了阝	1	0,1
了瓜	1	0,1
了灬	1	0,1
了口	1	1,0
了丶	1	1,0
了一	1	1,0
习欠	1	0,1
九鳥	1	1,0
九木	1	1,0
九日	1	1,0
乚鳥	1	0,1
乚斤	1	0,1
乚大	1	0,1
乚亻	1	0,1
乙丿	1	1,0
之頁	1	0,1
之韋	1	1,0
之隹	1	1,0
之豕	1	1,0
之言	1	1,0
之虎	1	1,0
之舌	1	1,0
之自	1	1,0
之禾	1	1,0
之矢	1	1,0
之由	1	1,0
之甘	1	1,0
之爪	1	1,0
之氵	1	1,0
之氏	1	1,0
之方	1	1,0
之文	1	1,0
之扌	1	1,0
之户	1	1,0
之彐	1	1,0
之广	1	1,0
之巳	1	1,0
之工	1	1,0
之巛	1	1,0
之小	1	1,0
之寸	1	1,0
之夕	1	1,0
之夂	1	1,0
之因	1	1,0
之咼	1	1,0
之口	1	1,0
之又	1	1,0
之千	1	1,0
之刀	1	1,0
之冖	1	1,0
之了	1	1,0
之也	1	1,0
之乙	1	1,0
之丿	1	1,0
之丰	1	1,0
之不	1	1,0
之丁	1	1,0
之㇕	1	1,0
乂阝	1	0,1
乂皿	1	0,1
乂生	1	0,1
乂攵	1	0,1
乂子	1	0,1
乂刂	1	1,0
乂冂	1	0,1
丿黽	1	1,0
丿魚	1	0,1
丿艹	1	1,0
丿用	1	0,1
丿木	1	1,0
丿彡	1	0,1
丿巾	1	1,0
丿山	1	0,1
丿女	1	0,1
丿土	1	1,0
丿口	1	1,0
丿厶	1	1,0
丿丷	1	1,0
丸手	1	0,1
丸力	1	0,1
丸𧘇	1	0,1
丷田	1	1,0
丷日	1	1,0
丷四	1	1,0
丷丨	1	1,0
丷㇕	1	1,0
丷㇆	1	1,0
丶鬼	1	0,1
丶食	1	0,1
丶頁	1	0,1
丶止	1	0,1
丶攵	1	0,1
丶土	1	0,1
丶刂	1	0,1
丰見	1	0,1
丰絲	1	1,0
丰母	1	1,0
丰彐	1	0,1
丰夂	1	1,0
丰⺈	1	1,0
中一	1	1,0
丬女	1	1,0
丬大	1	1,0
丨頁	1	0,1
丨見	1	0,1
丨虫	1	0,1
丨日	1	1,0
丨子	1	0,1
丨卜	1	1,0
丨丶	1	0,1
丨一	1	1,0
业丷	1	1,0
丘阝	1	1,0
丘山	1	1,0
丘丿	1	1,0
丘丶	1	1,0
不皿	1	1,0
不用	1	1,0
上卜	1	1,0
丁頁	1	1,0
丁虫	1	0,1
丁冂	1	1,0
一頁	1	0,1
一韋	1	1,0
一田	1	1,0
一灬	1	0,1
一彑	1	1,0
一彐	1	1,0
一巴	1	0,1
一八	1	0,1
一儿	1	1,0
一丰	1	0,1
⺮龍	1	1,0
⺮馬	1	1,0
⺮門	1	1,0
⺮車	1	1,0
⺮艮	1	1,0
⺮臣	1	1,0
⺮米	1	1,0
⺮立	1	1,0
⺮白	1	1,0
⺮由	1	1,0
⺮生	1	1,0
⺮爪	1	1,0
⺮毛	1	1,0
⺮方	1	1,0
⺮數	1	1,0
⺮扌	1	1,0
⺮户	1	1,0
⺮戊	1	1,0
⺮戈	1	1,0
⺮忄	1	1,0
⺮彑	1	1,0
⺮廿	1	1,0
⺮廴	1	1,0
⺮广	1	1,0
⺮巴	1	1,0
⺮尹	1	1,0
⺮宀	1	1,0
⺮士	1	1,0
⺮口	1	1,0
⺮厶	1	1,0
⺮匚	1	1,0
⺮勹	1	1,0
⺮冂	1	1,0
⺮二	1	1,0
⺮之	1	1,0
⺮丰	1	1,0
⺮中	1	1,0
⺮三	1	1,0
⺮七	1	1,0
⺮䒑	1	1,0
⺍攵	1	0,1
⺍刂	1	0,1
⺈日	1	1,0
⺈冂	1	1,0
㇕㇆	1	1,0
鹿灬	0	0,0
鬼匕	0	0,0
鬼八	0	0,0
馬心	0	0,0
革馬	0	0,0
隹頁	0	0,0
隹臼	0	0,0
隹田	0	0,0
隹寸	0	0,0
隹一	0	0,0
隹㇆	0	0,0
阝彐	0	0,0
阝巾	0	0,0
阝工	0	0,0
阝丿	0	0,0
釆冂	0	0,0
釆了	0	0,0
酉隹	0	0,0
車戈	0	0,0
車巳	0	0,0
車八	0	0,0
貝力	0	0,0
豕虫	0	0,0
豕殳	0	0,0
豕刂	0	0,0
言辛	0	0,0
言刂	0	0,0
西大	0	0,0
行王	0	0,0
行廿	0	0,0
行几	0	0,0
虫隹	0	0,0
艹見	0	0,0
艹艹	0	0,0
艹片	0	0,0
艹彡	0	0,0
艹川	0	0,0
艹匕	0	0,0
艹丶	0	0,0
艹㇆	0	0,0
艮月	0	0,0
舌㇕	0	0,0
臼火	0	0,0
臼勹	0	0,0
自穴	0	0,0
自八	0	0,0
自人	0	0,0
臣四	0	0,0
耳戈	0	0,0
耳乚	0	0,0
耳一	0	0,0
而頁	0	0,0
羊耳	0	0,0
羊寸	0	0,0
羊了	0	0,0
絲辛	0	0,0
絲日	0	0,0
米絲	0	0,0
米弓	0	0,0
米了	0	0,0
穴乙	0	0,0
禾頁	0	0,0
禾禾	0	0,0
禾攵	0	0,0
禾又	0	0,0
禾了	0	0,0
示風	0	0,0
示示	0	0,0
示瓜	0	0,0
示欠	0	0,0
示彐	0	0,0
示刂	0	0,0
石八	0	0,0
矢生	0	0,0
矢氏	0	0,0
矢殳	0	0,0
矢彐	0	0,0
矢巾	0	0,0
矢尸	0	0,0
矢勹	0	0,0
矢其	0	0,0
矢习	0	0,0
矢乂	0	0,0
矢丁	0	0,0
矢㇕	0	0,0
目心	0	0,0
目大	0	0,0
皿半	0	0,0
皿冂	0	0,0
㇆皿	0	0,0
皮女	0	0,0
白石	0	0,0
白方	0	0,0
白心	0	0,0
白巴	0	0,0
癶口	0	0,0
田阝	0	0,0
田凵	0	0,0
田冖	0	0,0
田习	0	0,0
田⺈	0	0,0
用虫	0	0,0
用牛	0	0,0
用勹	0	0,0
用刀	0	0,0
用冂	0	0,0
甘欠	0	0,0
甘冂	0	0,0
甘八	0	0,0
瓜辛	0	0,0
王心	0	0,0
王巴	0	0,0
王匕	0	0,0
王一	0	0,0
犭丁	0	0,0
牛冂	0	0,0
爿片	0	0,0
爿寸	0	0,0
爿冖	0	0,0
爿二	0	0,0
爿㇕	0	0,0
爪艮	0	0,0
爪心	0	0,0
爪大	0	0,0
爪夕	0	0,0
爪冂	0	0,0
爪丿	0	0,0
灬羊	0	0,0
火皿	0	0,0
火扌	0	0,0
火心	0	0,0
火冖	0	0,0
水皿	0	0,0
水日	0	0,0
水勹	0	0,0
水三	0	0,0
氏金	0	0,0
氏㇕	0	0,0
母攵	0	0,0
母厶	0	0,0
殳皿	0	0,0
止虫	0	0,0
止攵	0	0,0
止厶	0	0,0
止乚	0	0,0
止一	0	0,0
止⺈	0	0,0
欠貝	0	0,0
欠女	0	0,0
欠㇆	0	0,0
木鹿	0	0,0
木頁	0	0,0
木火	0	0,0
木殳	0	0,0
木弋	0	0,0
木女	0	0,0
木夕	0	0,0
木凡	0	0,0
木八	0	0,0
木丬	0	0,0
木㇕	0	0,0
月阝	0	0,0
月皿	0	0,0
月王	0	0,0
月爪	0	0,0
日鳥	0	0,0
日隹	0	0,0
日甲	0	0,0
日彡	0	0,0
日子	0	0,0
日口	0	0,0
日厶	0	0,0
日卜	0	0,0
日冫	0	0,0
日八	0	0,0
日人	0	0,0
日习	0	0,0
日丶	0	0,0
方㇕	0	0,0
斤貝	0	0,0
斤言	0	0,0
斤虫	0	0,0
斤日	0	0,0
斤土	0	0,0
斤口	0	0,0
㇕斤	0	0,0
文王	0	0,0
攵彐	0	0,0
㇕攵	0	0,0
扌甘	0	0,0
户甫	0	0,0
戊口	0	0,0
戈鳥	0	0,0
戈爿	0	0,0
戈乚	0	0,0
心皿	0	0,0
彡毛	0	0,0
彡止	0	0,0
彡彡	0	0,0
彡小	0	0,0
彡宀	0	0,0
彡士	0	0,0
彡口	0	0,0
彡又	0	0,0
彡冂	0	0,0
彡八	0	0,0
彡丘	0	0,0
彐隹	0	0,0
彐皮	0	0,0
彐灬	0	0,0
彐殳	0	0,0
彐月	0	0,0
彐攵	0	0,0
彐刂	0	0,0
彐八	0	0,0
彐人	0	0,0
彐㇆	0	0,0
弓弓	0	0,0
弓乂	0	0,0
弋貝	0	0,0
弋山	0	0,0
弋亠	0	0,0
廿用	0	0,0
廿殳	0	0,0
廿夫	0	0,0
廿夕	0	0,0
廿匕	0	0,0
廿人	0	0,0
廿丿	0	0,0
广甲	0	0,0
广刂	0	0,0
广八	0	0,0
幺灬	0	0,0
幺氵	0	0,0
幺月	0	0,0
幺戈	0	0,0
幺山	0	0,0
幺夂	0	0,0
幺凵	0	0,0
幺冖	0	0,0
幺人	0	0,0
巾亠	0	0,0
㠯巾	0	0,0
巳頁	0	0,0
巳灬	0	0,0
巳廿	0	0,0
己几	0	0,0
工鳥	0	0,0
工口	0	0,0
川貝	0	0,0
川米	0	0,0
川攵	0	0,0
川川	0	0,0
川冂	0	0,0
巛鬼	0	0,0
巛由	0	0,0
巛乂	0	0,0
山絲	0	0,0
山示	0	0,0
山王	0	0,0
山灬	0	0,0
山木	0	0,0
山攵	0	0,0
山工	0	0,0
山匕	0	0,0
山几	0	0,0
山㇕	0	0,0
尸頁	0	0,0
尸雨	0	0,0
尸辛	0	0,0
尸禾	0	0,0
尸牛	0	0,0
尸殳	0	0,0
尸勹	0	0,0
尸冂	0	0,0
尸八	0	0,0
尤匕	0	0,0
尤力	0	0,0
尤冖	0	0,0
尤习	0	0,0
小鬼	0	0,0
小絲	0	0,0
小甲	0	0,0
小毛	0	0,0
小日	0	0,0
小巴	0	0,0
小口	0	0,0
小厂	0	0,0
小匕	0	0,0
小亠	0	0,0
小二	0	0,0
小㠯	0	0,0
寸皿	0	0,0
宀皿	0	0,0
宀勹	0	0,0
大鳥	0	0,0
大虫	0	0,0
大皿	0	0,0
大冂	0	0,0
大习	0	0,0
大三	0	0,0
夗刂	0	0,0
夕非	0	0,0
夕酉	0	0,0
夕牛	0	0,0
夕水	0	0,0
夕木	0	0,0
夕戈	0	0,0
夕小	0	0,0
夕又	0	0,0
夕厶	0	0,0
夕千	0	0,0
夕十	0	0,0
夕勹	0	0,0
夕力	0	0,0
夕冂	0	0,0
夕人	0	0,0
夕亠	0	0,0
夕丶	0	0,0
夂几	0	0,0
夂一	0	0,0
夂㐄	0	0,0
㇕夂	0	0,0
士日	0	0,0
士大	0	0,0
士亠	0	0,0
士䒑	0	0,0
土白	0	0,0
土王	0	0,0
土殳	0	0,0
土因	0	0,0
土凵	0	0,0
土习	0	0,0
土丸	0	0,0
土丶	0	0,0
因禾	0	0,0
因卜	0	0,0
因乂	0	0,0
因丨	0	0,0
四艮	0	0,0
四水	0	0,0
四戊	0	0,0
四口	0	0,0
四匕	0	0,0
四冖	0	0,0
口甘	0	0,0
口川	0	0,0
口卜	0	0,0
口冖	0	0,0
口丸	0	0,0
口丷	0	0,0
又馬	0	0,0
又立	0	0,0
又心	0	0,0
又弓	0	0,0
又巾	0	0,0
又女	0	0,0
又夂	0	0,0
又口	0	0,0
又冖	0	0,0
又八	0	0,0
又亻	0	0,0
又习	0	0,0
㇆又	0	0,0
厶鬼	0	0,0
厶頁	0	0,0
厶虫	0	0,0
厶廿	0	0,0
厶匕	0	0,0
厶习	0	0,0
㇕厶	0	0,0
厂生	0	0,0
厂凵	0	0,0
厂冂	0	0,0
厂八	0	0,0
卜皿	0	0,0
卜心	0	0,0
卜卜	0	0,0
卜八	0	0,0
半馬	0	0,0
半殳	0	0,0
半力	0	0,0
半凵	0	0,0
半冂	0	0,0
千臼	0	0,0
千二	0	0,0
十虫	0	0,0
十子	0	0,0
十因	0	0,0
十十	0	0,0
十刂	0	0,0
十冫	0	0,0
十八	0	0,0
十习	0	0,0
十一	0	0,0
匚日	0	0,0
匚人	0	0,0
匚一	0	0,0
匚⺈	0	0,0
匕隹	0	0,0
匕絲	0	0,0
匕木	0	0,0
匕月	0	0,0
匕廿	0	0,0
匕夕	0	0,0
匕二	0	0,0
匕㇕	0	0,0
勹牛	0	0,0
勹攵	0	0,0
勹勹	0	0,0
勹人	0	0,0
勹乚	0	0,0
力辛	0	0,0
力人	0	0,0
刂辛	0	0,0
刂牛	0	0,0
刂木	0	0,0
刀頁	0	0,0
刀皿	0	0,0
刀止	0	0,0
刀心	0	0,0
刀巴	0	0,0
刀山	0	0,0
刀八	0	0,0
㇆刀	0	0,0
凵殳	0	0,0
凵勹	0	0,0
凵凵	0	0,0
凵儿	0	0,0
凡革	0	0,0
凡心	0	0,0
几頁	0	0,0
冫弓	0	0,0
冫乙	0	0,0
冖禾	0	0,0
冖火	0	0,0
冖欠	0	0,0
冖心	0	0,0
冖大	0	0,0
冖口	0	0,0
冖匕	0	0,0
冖人	0	0,0
冖亠	0	0,0
冖乚	0	0,0
冖业	0	0,0
㠯冖	0	0,0
冂木	0	0,0
冂夕	0	0,0
冂刂	0	0,0
冂冫	0	0,0
冂八	0	0,0
冂二	0	0,0
冂习	0	0,0
冂丨	0	0,0
其皮	0	0,0
八王	0	0,0
八月	0	0,0
八忄	0	0,0
八川	0	0,0
八夕	0	0,0
八习	0	0,0
八丸	0	0,0
八一	0	0,0
𧘇八	0	0,0
儿鳥	0	0,0
儿虫	0	0,0
儿儿	0	0,0
亻鳥	0	0,0
亻隹	0	0,0
人非	0	0,0
人艹	0	0,0
人耳	0	0,0
人示	0	0,0
人欠	0	0,0
人日	0	0,0
人因	0	0,0
人四	0	0,0
人厶	0	0,0
人卜	0	0,0
人勹	0	0,0
人冂	0	0,0
人且	0	0,0
人㇕	0	0,0
亠甘	0	0,0
亠氵	0	0,0
亠水	0	0,0
亠氏	0	0,0
亠月	0	0,0
亠彡	0	0,0
亠小	0	0,0
亠子	0	0,0
亠夂	0	0,0
亠十	0	0,0
亠冖	0	0,0
亠冂	0	0,0
二立	0	0,0
二田	0	0,0
二幺	0	0,0
二女	0	0,0
二大	0	0,0
二夕	0	0,0
二士	0	0,0
二四	0	0,0
二卜	0	0,0
二凵	0	0,0
二人	0	0,0
二丶	0	0,0
二丨	0	0,0
二一	0	0,0
二㇕	0	0,0
了虎	0	0,0
了又	0	0,0
乡㇆	0	0,0
习艹	0	0,0
习立	0	0,0
习彡	0	0,0
习廿	0	0,0
习人	0	0,0
九力	0	0,0
乚絲	0	0,0
乚戈	0	0,0
乚又	0	0,0
乚力	0	0,0
乚冫	0	0,0
乚㇆	0	0,0
之鳥	0	0,0
之阝	0	0,0
之习	0	0,0
乂鳥	0	0,0
乂耳	0	0,0
乂王	0	0,0
乂殳	0	0,0
乂欠	0	0,0
乂斤	0	0,0
乂巴	0	0,0
乂夕	0	0,0
乂厶	0	0,0
丿隹	0	0,0
丿釆	0	0,0
丿辛	0	0,0
丿艮	0	0,0
丿目	0	0,0
丿爪	0	0,0
丿子	0	0,0
丿又	0	0,0
丿力	0	0,0
丿乚	0	0,0
丿一	0	0,0
丷氏	0	0,0
丷巾	0	0,0
丷川	0	0,0
丷展	0	0,0
丷大	0	0,0
丷冖	0	0,0
丷八	0	0,0
丷三	0	0,0
丶阝	0	0,0
丶金	0	0,0
丶自	0	0,0
丶立	0	0,0
丶火	0	0,0
丶日	0	0,0
丶口	0	0,0
丶刀	0	0,0
丶冫	0	0,0
丰四	0	0,0
丰厶	0	0,0
丰人	0	0,0
中虫	0	0,0
中甘	0	0,0
中𧘇	0	0,0
丬廿	0	0,0
丬冖	0	0,0
丨攵	0	0,0
丨大	0	0,0
丨夂	0	0,0
丨㇕	0	0,0
㇆丨	0	0,0
䒑丨	0	0,0
业心	0	0,0
业土	0	0,0
业丿	0	0,0
且十	0	0,0
三田	0	0,0
三廿	0	0,0
三冂	0	0,0
七木	0	0,0
七日	0	0,0
七㇆	0	0,0
丁人	0	0,0
丁乂	0	0,0
一鳥	0	0,0
一甲	0	0,0
一由	0	0,0
一月	0	0,0
一幺	0	0,0
一巳	0	0,0
一女	0	0,0
一四	0	0,0
一匕	0	0,0
一勹	0	0,0
一人	0	0,0
一习	0	0,0
一丷	0	0,0
一丶	0	0,0
一丨	0	0,0
一㇆	0	0,0
㇕一	0	0,0
㠯一	0	0,0
⺮金	0	0,0
⺮日	0	0,0
⺈目	0	0,0
⺈田	0	0,0
⺈刀	0	0,0
⺈冫	0	0,0
⺈八	0	0,0
⺈儿	0	0,0
㇕㇕	0	0,0
